1 0.5
2 0.82
3 0.5
4 0.5
5 0.39
6 0.5
7 0.5
8 0.5
9 0.5
10 0.5
11 0.23
12 0.23
13 0.23
14 0.23
15 0.23
16 0.23
17 0.23
18 0.23
19 0.5
20 0.12
21 0.12
22 0.12
23 0.12
24 0.12
25 0.12
26 0.12
27 0.12
28 0.5
29 0.5
30 0.16
31 0.16
32 0.5
33 0.5
34 0.11
35 0.11
36 0.11
37 0.11
38 0.11
39 0.11
40 0.11
41 0.11
42 0.11
43 0.11
44 0.11
45 0.11
46 0.11
47 0.11
48 0.11
49 0.11
50 0.11
51 0.11
52 0.11
53 0.11
54 0.11
55 0.11
56 0.11
57 0.11
58 0.5
59 0.5
60 0.5
61 0.11
62 0.11
63 0.11
64 0.11
65 0.11
66 0.11
67 0.11
68 0.11
69 0.11
70 0.11
71 0.11
72 0.11
73 0.11
74 0.11
75 0.11
76 0.11
77 0.11
78 0.11
79 0.11
80 0.5
81 0.5
82 0.5
83 0.5
84 0.5
85 0.16
86 0.5
87 0.18
88 0.18
89 0.18
90 0.5
91 0.2
92 0.2
93 0.2
94 0.2
95 0.49
96 0.49
97 0.21
98 0.21
99 0.5
100 0.1
101 0.1
102 0.1
103 0.1
104 0.1
105 0.1
106 0.1
107 0.1
108 0.1
109 0.1
110 0.1
111 0.1
112 0.1
113 0.1
114 0.1
115 0.1
116 0.1
117 0.1
118 0.5
119 0.5
120 0.09
121 0.09
122 0.09
123 0.09
124 0.09
125 0.09
126 0.09
127 0.09
128 0.48
129 0.2
130 0.2
131 0.2
132 0.2
133 0.2
134 0.2
135 0.2
136 0.2
137 0.2
138 0.2
139 0.2
140 0.2
141 0.2
142 0.2
143 0.2
144 0.2
145 0.2
146 0.2
147 0.2
148 0.2
149 0.2
150 0.2
151 0.2
152 0.2
153 0.2
154 0.2
155 0.2
156 0.2
157 0.2
158 0.2
159 0.2
160 0.2
161 0.2
162 0.2
163 0.2
164 0.2
165 0.2
166 0.2
167 0.2
168 0.2
169 0.2
170 0.2
171 0.2
172 0.2
173 0.2
174 0.44
175 0.44
176 0.12
177 0.12
178 0.12
179 0.12
180 0.5
181 0.5
182 0.21
183 0.21
184 0.41
185 0.41
186 0.41
187 0.41
188 0.41
189 0.41
190 0.11
191 0.11
192 0.11
193 0.11
194 0.11
195 0.11
196 0.11
197 0.49
198 0.49
199 0.16
200 0.16
201 0.16
202 0.16
203 0.16
204 0.47
205 0.47
206 0.47
207 0.11
208 0.47
209 0.16
210 0.4
211 0.4
212 0.09
213 0.09
214 0.32
215 0.16
216 0.26
217 0.26
218 0.26
219 0.17
220 0.17
221 0.17
222 0.17
223 0.17
224 0.32
225 0.32
226 0.11
227 0.11
228 0.11
229 0.49
230 0.49
231 0.2
232 0.2
233 0.2
234 0.2
235 0.2
236 0.2
237 0.2
238 0.2
239 0.2
240 0.2
241 0.28
242 0.28
243 0.09
244 0.09
245 0.09
246 0.09
247 0.09
248 0.09
249 0.09
250 0.09
251 0.09
252 0.09
253 0.09
254 0.09
255 0.46
256 0.46
257 0.09
258 0.09
259 0.09
260 0.09
261 0.09
262 0.09
263 0.09
264 0.09
265 0.49
266 0.1
267 0.1
268 0.1
269 0.1
270 0.1
271 0.1
272 0.33
273 0.33
274 0.33
275 0.33
276 0.33
277 0.33
278 0.33
279 0.33
280 0.33
281 0.1
282 0.1
283 0.1
284 0.1
285 0.36
286 0.09
287 0.09
288 0.09
289 0.09
290 0.39
291 0.11
292 0.11
293 0.11
294 0.11
295 0.11
296 0.11
297 0.11
298 0.11
299 0.11
300 0.11
301 0.11
302 0.11
303 0.11
304 0.11
305 0.11
306 0.43
307 0.43
308 0.11
309 0.11
310 0.11
311 0.11
312 0.32
313 0.32
314 0.32
315 0.32
316 0.32
317 0.09
318 0.09
319 0.09
320 0.09
321 0.09
322 0.09
323 0.09
324 0.09
325 0.09
326 0.09
327 0.09
328 0.09
329 0.09
330 0.09
331 0.09
332 0.09
333 0.09
334 0.09
335 0.09
336 0.09
337 0.09
338 0.09
339 0.09
340 0.09
341 0.09
342 0.09
343 0.4
344 0.4
345 0.4
346 0.1
347 0.1
348 0.1
349 0.1
350 0.1
351 0.1
352 0.1
353 0.1
354 0.1
355 0.5
356 0.16
357 0.16
358 0.16
359 0.16
360 0.16
361 0.44
362 0.44
363 0.18
364 0.18
365 0.18
366 0.18
367 0.18
368 0.18
369 0.18
370 0.18
371 0.18
372 0.18
373 0.18
374 0.18
375 0.18
376 0.18
377 0.18
378 0.18
379 0.18
380 0.18
381 0.18
382 0.18
383 0.18
384 0.18
385 0.18
386 0.47
387 0.16
388 0.16
389 0.16
390 0.16
391 0.16
392 0.16
393 0.5
394 0.5
395 0.5
396 0.14
397 0.5
398 0.5
399 0.11
400 0.11
401 0.11
402 0.11
403 0.11
404 0.5
405 0.5
406 0.5
407 0.16
408 0.16
409 0.16
410 0.16
411 0.16
412 0.34
413 0.34
414 0.34
415 0.26
416 0.26
417 0.26
418 0.26
419 0.26
420 0.26
421 0.26
422 0.26
423 0.26
424 0.33
425 0.23
426 0.23
427 0.23
428 0.23
429 0.23
430 0.23
431 0.23
432 0.19
433 0.19
434 0.19
435 0.19
436 0.19
437 0.19
438 0.19
439 0.19
440 0.19
441 0.35
442 0.35
443 0.35
444 0.35
445 0.5
446 0.5
447 0.5
448 0.5
449 0.5
450 0.5
451 0.41
452 0.41
453 0.41
454 0.16
455 0.16
456 0.16
457 0.16
458 0.16
459 0.16
460 0.16
461 0.16
462 0.16
463 0.16
464 0.16
465 0.16
466 0.16
467 0.16
468 0.16
469 0.16
470 0.16
471 0.16
472 0.16
473 0.16
474 0.16
475 0.16
476 0.16
477 0.16
478 0.16
479 0.39
480 0.39
481 0.17
482 0.17
483 0.17
484 0.31
485 0.31
486 0.31
487 0.19
488 0.19
489 0.19
490 0.19
491 0.31
492 0.31
493 0.31
494 0.31
495 0.31
496 0.31
497 0.31
498 0.31
499 0.31
500 0.31
501 0.26
502 0.26
503 0.26
504 0.26
505 0.26
506 0.26
507 0.26
508 0.26
509 0.26
510 0.26
511 0.26
512 0.26
513 0.18
514 0.18
515 0.18
516 0.18
517 0.18
518 0.18
519 0.34
520 0.34
521 0.34
522 0.34
523 0.09
524 0.09
525 0.09
526 0.09
527 0.09
528 0.09
529 0.09
530 0.09
531 0.09
532 0.09
533 0.46
534 0.09
535 0.09
536 0.09
537 0.09
538 0.09
539 0.09
540 0.09
541 0.09
542 0.09
543 0.09
544 0.09
545 0.09
546 0.09
547 0.09
548 0.09
549 0.09
550 0.09
551 0.09
552 0.09
553 0.09
554 0.09
555 0.09
556 0.09
557 0.09
558 0.09
559 0.09
560 0.09
561 0.09
562 0.09
563 0.09
564 0.09
565 0.09
566 0.09
567 0.09
568 0.09
569 0.09
570 0.09
571 0.09
572 0.09
573 0.09
574 0.09
575 0.09
576 0.09
577 0.09
578 0.09
579 0.09
580 0.09
581 0.26
582 0.26
583 0.26
584 0.26
585 0.26
586 0.13
587 0.13
588 0.13
589 0.13
590 0.13
591 0.13
592 0.13
593 0.13
594 0.13
595 0.37
596 0.37
597 0.12
598 0.12
599 0.12
600 0.5
601 0.5
602 0.18
603 0.18
604 0.18
605 0.18
606 0.18
607 0.18
608 0.18
609 0.18
610 0.18
611 0.28
612 0.28
613 0.28
614 0.28
615 0.28
616 0.28
617 0.12
618 0.12
619 0.12
620 0.12
621 0.12
622 0.12
623 0.12
624 0.12
625 0.32
626 0.09
627 0.09
628 0.09
629 0.09
630 0.09
631 0.37
632 0.37
633 0.37
634 0.12
635 0.12
636 0.12
637 0.12
638 0.12
639 0.37
640 0.12
641 0.12
642 0.12
643 0.47
644 0.47
645 0.47
646 0.11
647 0.11
648 0.11
649 0.11
650 0.11
651 0.11
652 0.11
653 0.11
654 0.11
655 0.11
656 0.11
657 0.11
658 0.11
659 0.11
660 0.11
661 0.11
662 0.11
663 0.11
664 0.11
665 0.11
666 0.11
667 0.11
668 0.47
669 0.47
670 0.1
671 0.1
672 0.1
673 0.1
674 0.1
675 0.34
676 0.34
677 0.34
678 0.34
679 0.34
680 0.34
681 0.34
682 0.1
683 0.1
684 0.1
685 0.1
686 0.1
687 0.1
688 0.1
689 0.1
690 0.1
691 0.1
692 0.1
693 0.1
694 0.1
695 0.1
696 0.1
697 0.1
698 0.1
699 0.1
700 0.1
701 0.1
702 0.1
703 0.1
704 0.1
705 0.1
706 0.1
707 0.1
708 0.1
709 0.1
710 0.1
711 0.1
712 0.1
713 0.1
714 0.1
715 0.1
716 0.1
717 0.1
718 0.1
719 0.1
720 0.1
721 0.1
722 0.1
723 0.1
724 0.1
725 0.1
726 0.1
727 0.1
728 0.1
729 0.1
730 0.3
731 0.3
732 0.13
733 0.13
734 0.13
735 0.13
736 0.13
737 0.13
738 0.13
739 0.13
740 0.13
741 0.13
742 0.13
743 0.13
744 0.13
745 0.13
746 0.13
747 0.13
748 0.13
749 0.13
750 0.13
751 0.13
752 0.13
753 0.13
754 0.13
755 0.13
756 0.13
757 0.13
758 0.13
759 0.13
760 0.13
761 0.13
762 0.13
763 0.13
764 0.13
765 0.13
766 0.13
767 0.13
768 0.13
769 0.13
770 0.13
771 0.13
772 0.13
773 0.13
774 0.13
775 0.13
776 0.13
777 0.13
778 0.13
779 0.13
780 0.13
781 0.13
782 0.13
783 0.13
784 0.13
785 0.13
786 0.13
787 0.13
788 0.13
789 0.13
790 0.13
791 0.13
792 0.13
793 0.13
794 0.13
795 0.13
796 0.13
797 0.13
798 0.13
799 0.33
800 0.1
801 0.1
802 0.1
803 0.1
804 0.1
805 0.1
806 0.1
807 0.1
808 0.1
809 0.37
810 0.1
811 0.1
812 0.1
813 0.1
814 0.1
815 0.1
816 0.1
817 0.1
818 0.28
819 0.28
820 0.28
821 0.12
822 0.12
823 0.12
824 0.12
825 0.26
826 0.26
827 0.09
828 0.33
829 0.33
830 0.12
831 0.12
832 0.12
833 0.12
834 0.12
835 0.12
836 0.12
837 0.12
838 0.12
839 0.12
840 0.33
841 0.11
842 0.11
843 0.11
844 0.11
845 0.11
846 0.11
847 0.11
848 0.11
849 0.11
850 0.37
851 0.37
852 0.37
853 0.15
854 0.15
855 0.15
856 0.15
857 0.19
858 0.19
859 0.19
860 0.19
861 0.19
862 0.31
863 0.16
864 0.16
865 0.3
866 0.19
867 0.19
868 0.19
869 0.19
870 0.19
871 0.19
872 0.19
873 0.19
874 0.19
875 0.19
876 0.19
877 0.35
878 0.35
879 0.14
880 0.14
881 0.14
882 0.14
883 0.14
884 0.14
885 0.14
886 0.14
887 0.4
888 0.17
889 0.17
890 0.17
891 0.17
892 0.17
893 0.17
894 0.17
895 0.17
896 0.17
897 0.47
898 0.13
899 0.33
900 0.33
901 0.19
902 0.23
903 0.23
904 0.23
905 0.23
906 0.23
907 0.23
908 0.23
909 0.23
910 0.23
911 0.5
912 0.2
913 0.5
914 0.3
915 0.3
916 0.3
917 0.3
918 0.3
919 0.3
920 0.3
921 0.3
922 0.3
923 0.3
924 0.3
925 0.3
926 0.3
927 0.37
928 0.37
929 0.37
930 0.26
931 0.26
932 0.26
933 0.26
934 0.29
935 0.27
936 0.3
937 0.5
938 0.5
939 0.37
940 0.37
941 0.09
942 0.33
943 0.33
944 0.33
945 0.33
946 0.33
947 0.33
948 0.33
949 0.33
950 0.33
951 0.33
952 0.09
953 0.09
954 0.09
955 0.09
956 0.09
957 0.09
958 0.09
959 0.09
960 0.09
961 0.09
962 0.09
963 0.09
964 0.09
965 0.36
966 0.36
967 0.1
968 0.1
969 0.1
970 0.1
971 0.1
972 0.1
973 0.1
974 0.1
975 0.1
976 0.1
977 0.1
978 0.1
979 0.1
980 0.1
981 0.1
982 0.46
983 0.46
984 0.1
985 0.1
986 0.1
987 0.1
988 0.1
989 0.1
990 0.1
991 0.43
992 0.43
993 0.16
994 0.16
995 0.38
996 0.09
997 0.09
998 0.09
999 0.09
1000 0.09
