1 -1 0.296033 0.0885163
2 -1 0.296033 0.0885163
3 0 -0.386131 -0.688678
4 0 -0.386131 -0.688678
5 -1 0.55389 -0.19494
6 0 0.031505 -1.15655
7 -1 0.398323 -1.14303
8 -1 0.398323 -1.14303
9 -1 0.398323 -1.14303
10 -1 0.398323 -1.14303
11 -1 0.398323 -1.14303
12 -1 0.398323 -1.14303
13 -1 0.398323 -1.14303
14 0 0.19335 -1.54968
15 -1 1.03033 -0.935227
16 0 0.781342 -1.58131
17 0 0.781342 -1.58131
18 0 0.781342 -1.58131
19 0 0.781342 -1.58131
20 0 0.781342 -1.58131
21 0 0.781342 -1.58131
22 0 0.781342 -1.58131
23 0 0.781342 -1.58131
24 -1 1.71481 -1.09079
25 0 1.07024 -1.92485
26 0 1.07024 -1.92485
27 0 1.07024 -1.92485
28 0 1.07024 -1.92485
29 0 1.07024 -1.92485
30 0 1.07024 -1.92485
31 0 1.07024 -1.92485
32 0 1.07024 -1.92485
33 0 1.07024 -1.92485
34 0 1.07024 -1.92485
35 0 1.07024 -1.92485
36 -1 1.49181 -1.62217
37 0 1.24282 -2.26825
38 0 1.24282 -2.26825
39 0 1.24282 -2.26825
40 0 1.24282 -2.26825
41 0 1.24282 -2.26825
42 0 1.24282 -2.26825
43 0 1.24282 -2.26825
44 -1 2.19704 -1.58792
45 -1 2.19704 -1.58792
46 0 1.8841 -2.4592
47 0 1.8841 -2.4592
48 0 1.8841 -2.4592
49 0 1.8841 -2.4592
50 0 1.8841 -2.4592
51 0 1.8841 -2.4592
52 0 1.8841 -2.4592
53 0 1.8841 -2.4592
54 0 1.8841 -2.4592
55 -1 2.62643 -1.87275
56 -1 2.62643 -1.87275
57 -1 2.62643 -1.87275
58 -1 2.62643 -1.87275
59 0 2.46786 -2.56305
60 0 2.46786 -2.56305
61 0 2.46786 -2.56305
62 0 2.46786 -2.56305
63 0 2.46786 -2.56305
64 0 2.46786 -2.56305
65 0 2.46786 -2.56305
66 0 2.46786 -2.56305
67 0 2.46786 -2.56305
68 0 2.46786 -2.56305
69 0 2.46786 -2.56305
70 0 2.46786 -2.56305
71 0 2.46786 -2.56305
72 0 2.46786 -2.56305
73 0 2.46786 -2.56305
74 0 2.46786 -2.56305
75 0 2.46786 -2.56305
76 0 2.46786 -2.56305
77 0 2.46786 -2.56305
78 0 2.46786 -2.56305
79 0 2.46786 -2.56305
80 0 2.46786 -2.56305
81 0 2.46786 -2.56305
82 0 2.46786 -2.56305
83 0 2.46786 -2.56305
84 0 2.46786 -2.56305
85 0 2.46786 -2.56305
86 0 2.46786 -2.56305
87 0 2.46786 -2.56305
88 0 2.46786 -2.56305
89 0 2.46786 -2.56305
90 0 2.46786 -2.56305
91 0 2.46786 -2.56305
92 0 2.46786 -2.56305
93 0 2.46786 -2.56305
94 0 2.46786 -2.56305
95 0 2.46786 -2.56305
96 0 2.46786 -2.56305
97 0 2.46786 -2.56305
98 0 2.46786 -2.56305
99 0 2.46786 -2.56305
100 0 2.46786 -2.56305
101 0 2.46786 -2.56305
102 0 2.46786 -2.56305
103 0 2.46786 -2.56305
104 0 2.46786 -2.56305
105 0 2.46786 -2.56305
106 0 2.46786 -2.56305
107 0 2.46786 -2.56305
108 0 2.46786 -2.56305
109 0 2.46786 -2.56305
110 0 2.46786 -2.56305
111 0 2.46786 -2.56305
112 0 2.46786 -2.56305
113 0 2.46786 -2.56305
114 0 2.46786 -2.56305
115 0 2.46786 -2.56305
116 0 2.46786 -2.56305
117 0 2.46786 -2.56305
118 0 2.46786 -2.56305
119 0 2.46786 -2.56305
120 0 2.46786 -2.56305
121 0 2.46786 -2.56305
122 0 2.46786 -2.56305
123 0 2.46786 -2.56305
124 0 2.46786 -2.56305
125 0 2.46786 -2.56305
126 0 2.46786 -2.56305
127 0 2.46786 -2.56305
128 0 2.46786 -2.56305
129 0 2.46786 -2.56305
130 0 2.46786 -2.56305
131 0 2.46786 -2.56305
132 0 2.46786 -2.56305
133 0 2.46786 -2.56305
134 0 2.46786 -2.56305
135 0 2.46786 -2.56305
136 0 2.46786 -2.56305
137 0 2.46786 -2.56305
138 0 2.46786 -2.56305
139 0 2.46786 -2.56305
140 0 2.46786 -2.56305
141 0 2.46786 -2.56305
142 0 2.46786 -2.56305
143 0 2.46786 -2.56305
144 0 2.46786 -2.56305
145 0 2.46786 -2.56305
146 0 2.46786 -2.56305
147 0 2.46786 -2.56305
148 0 2.46786 -2.56305
149 0 2.46786 -2.56305
150 0 2.46786 -2.56305
151 0 2.46786 -2.56305
152 0 2.46786 -2.56305
153 0 2.46786 -2.56305
154 0 2.46786 -2.56305
155 0 2.46786 -2.56305
156 0 2.46786 -2.56305
157 0 2.46786 -2.56305
158 0 2.46786 -2.56305
159 0 2.46786 -2.56305
160 0 2.46786 -2.56305
161 0 2.46786 -2.56305
162 0 2.46786 -2.56305
163 0 2.46786 -2.56305
164 0 2.46786 -2.56305
165 0 2.46786 -2.56305
166 0 2.46786 -2.56305
167 0 2.46786 -2.56305
168 0 2.46786 -2.56305
169 0 2.46786 -2.56305
170 0 2.46786 -2.56305
171 0 2.46786 -2.56305
172 0 2.46786 -2.56305
173 0 2.46786 -2.56305
174 0 2.46786 -2.56305
175 0 2.46786 -2.56305
176 0 2.46786 -2.56305
177 0 2.46786 -2.56305
178 0 2.46786 -2.56305
179 0 2.46786 -2.56305
180 0 2.46786 -2.56305
181 0 2.46786 -2.56305
182 0 2.46786 -2.56305
183 0 2.46786 -2.56305
184 0 2.46786 -2.56305
185 0 2.46786 -2.56305
186 0 2.46786 -2.56305
187 0 2.46786 -2.56305
188 0 2.46786 -2.56305
189 0 2.46786 -2.56305
190 0 2.46786 -2.56305
191 0 2.46786 -2.56305
192 0 2.46786 -2.56305
193 0 2.46786 -2.56305
194 0 2.46786 -2.56305
195 0 2.46786 -2.56305
196 0 2.46786 -2.56305
197 0 2.46786 -2.56305
198 0 2.46786 -2.56305
199 0 2.46786 -2.56305
200 0 2.46786 -2.56305
201 0 2.46786 -2.56305
202 0 2.46786 -2.56305
203 0 2.46786 -2.56305
204 0 2.46786 -2.56305
205 0 2.46786 -2.56305
206 0 2.46786 -2.56305
207 0 2.46786 -2.56305
208 0 2.46786 -2.56305
209 0 2.46786 -2.56305
210 0 2.46786 -2.56305
211 0 2.46786 -2.56305
212 0 2.46786 -2.56305
213 0 2.46786 -2.56305
214 0 2.46786 -2.56305
215 0 2.46786 -2.56305
216 0 2.46786 -2.56305
217 0 2.46786 -2.56305
218 0 2.46786 -2.56305
219 0 2.46786 -2.56305
220 0 2.46786 -2.56305
221 0 2.46786 -2.56305
222 0 2.46786 -2.56305
223 0 2.46786 -2.56305
224 0 2.46786 -2.56305
225 0 2.46786 -2.56305
226 0 2.46786 -2.56305
227 0 2.46786 -2.56305
228 0 2.46786 -2.56305
229 0 2.46786 -2.56305
230 0 2.46786 -2.56305
231 0 2.46786 -2.56305
232 0 2.46786 -2.56305
233 0 2.46786 -2.56305
234 0 2.46786 -2.56305
235 0 2.46786 -2.56305
236 0 2.46786 -2.56305
237 0 2.46786 -2.56305
238 0 2.46786 -2.56305
239 0 2.46786 -2.56305
240 0 2.46786 -2.56305
241 0 2.46786 -2.56305
242 0 2.46786 -2.56305
243 0 2.46786 -2.56305
244 0 2.46786 -2.56305
245 0 2.46786 -2.56305
246 0 2.46786 -2.56305
247 0 2.46786 -2.56305
248 0 2.46786 -2.56305
249 0 2.46786 -2.56305
250 0 2.46786 -2.56305
251 0 2.46786 -2.56305
252 0 2.46786 -2.56305
253 0 2.46786 -2.56305
254 0 2.46786 -2.56305
255 0 2.46786 -2.56305
256 0 2.46786 -2.56305
257 0 2.46786 -2.56305
258 0 2.46786 -2.56305
259 0 2.46786 -2.56305
260 0 2.46786 -2.56305
261 0 2.46786 -2.56305
262 0 2.46786 -2.56305
263 0 2.46786 -2.56305
264 0 2.46786 -2.56305
265 0 2.46786 -2.56305
266 0 2.46786 -2.56305
267 0 2.46786 -2.56305
268 0 2.46786 -2.56305
269 0 2.46786 -2.56305
270 0 2.46786 -2.56305
271 0 2.46786 -2.56305
272 0 2.46786 -2.56305
273 0 2.46786 -2.56305
274 0 2.46786 -2.56305
275 0 2.46786 -2.56305
276 0 2.46786 -2.56305
277 0 2.46786 -2.56305
278 0 2.46786 -2.56305
279 0 2.46786 -2.56305
280 0 2.46786 -2.56305
281 0 2.46786 -2.56305
282 0 2.46786 -2.56305
283 0 2.46786 -2.56305
284 0 2.46786 -2.56305
285 0 2.46786 -2.56305
286 0 2.46786 -2.56305
287 0 2.46786 -2.56305
288 0 2.46786 -2.56305
289 0 2.46786 -2.56305
290 0 2.46786 -2.56305
291 0 2.46786 -2.56305
292 0 2.46786 -2.56305
293 0 2.46786 -2.56305
294 0 2.46786 -2.56305
295 0 2.46786 -2.56305
296 0 2.46786 -2.56305
297 0 2.46786 -2.56305
298 0 2.46786 -2.56305
299 0 2.46786 -2.56305
300 0 2.46786 -2.56305
301 0 2.46786 -2.56305
302 0 2.46786 -2.56305
303 0 2.46786 -2.56305
304 0 2.46786 -2.56305
305 0 2.46786 -2.56305
306 0 2.46786 -2.56305
307 0 2.46786 -2.56305
308 0 2.46786 -2.56305
309 0 2.46786 -2.56305
310 0 2.46786 -2.56305
311 0 2.46786 -2.56305
312 0 2.46786 -2.56305
313 0 2.46786 -2.56305
314 0 2.46786 -2.56305
315 0 2.46786 -2.56305
316 0 2.46786 -2.56305
317 0 2.46786 -2.56305
318 0 2.46786 -2.56305
319 0 2.46786 -2.56305
320 0 2.46786 -2.56305
321 0 2.46786 -2.56305
322 0 2.46786 -2.56305
323 0 2.46786 -2.56305
324 0 2.46786 -2.56305
325 0 2.46786 -2.56305
326 0 2.46786 -2.56305
327 0 2.46786 -2.56305
328 0 2.46786 -2.56305
329 0 2.46786 -2.56305
330 0 2.46786 -2.56305
331 0 2.46786 -2.56305
332 0 2.46786 -2.56305
333 0 2.46786 -2.56305
334 0 2.46786 -2.56305
335 0 2.46786 -2.56305
336 0 2.46786 -2.56305
337 0 2.46786 -2.56305
338 0 2.46786 -2.56305
339 0 2.46786 -2.56305
340 0 2.46786 -2.56305
341 0 2.46786 -2.56305
342 0 2.46786 -2.56305
343 0 2.46786 -2.56305
344 0 2.46786 -2.56305
345 0 2.46786 -2.56305
346 0 2.46786 -2.56305
347 0 2.46786 -2.56305
348 0 2.46786 -2.56305
349 0 2.46786 -2.56305
350 0 2.46786 -2.56305
351 0 2.46786 -2.56305
352 0 2.46786 -2.56305
353 0 2.46786 -2.56305
354 0 2.46786 -2.56305
355 0 2.46786 -2.56305
356 0 2.46786 -2.56305
357 0 2.46786 -2.56305
358 0 2.46786 -2.56305
359 0 2.46786 -2.56305
360 0 2.46786 -2.56305
361 0 2.46786 -2.56305
362 0 2.46786 -2.56305
363 0 2.46786 -2.56305
364 0 2.46786 -2.56305
365 0 2.46786 -2.56305
366 0 2.46786 -2.56305
367 0 2.46786 -2.56305
368 0 2.46786 -2.56305
369 0 2.46786 -2.56305
370 0 2.46786 -2.56305
371 0 2.46786 -2.56305
372 0 2.46786 -2.56305
373 0 2.46786 -2.56305
374 0 2.46786 -2.56305
375 0 2.46786 -2.56305
376 0 2.46786 -2.56305
377 0 2.46786 -2.56305
378 0 2.46786 -2.56305
379 0 2.46786 -2.56305
380 0 2.46786 -2.56305
381 0 2.46786 -2.56305
382 0 2.46786 -2.56305
383 0 2.46786 -2.56305
384 0 2.46786 -2.56305
385 0 2.46786 -2.56305
386 0 2.46786 -2.56305
387 0 2.46786 -2.56305
388 0 2.46786 -2.56305
389 0 2.46786 -2.56305
390 0 2.46786 -2.56305
391 0 2.46786 -2.56305
392 0 2.46786 -2.56305
393 0 2.46786 -2.56305
394 0 2.46786 -2.56305
395 0 2.46786 -2.56305
396 0 2.46786 -2.56305
397 0 2.46786 -2.56305
398 0 2.46786 -2.56305
399 0 2.46786 -2.56305
400 0 2.46786 -2.56305
401 0 2.46786 -2.56305
402 0 2.46786 -2.56305
403 0 2.46786 -2.56305
404 0 2.46786 -2.56305
405 0 2.46786 -2.56305
406 0 2.46786 -2.56305
407 0 2.46786 -2.56305
408 0 2.46786 -2.56305
409 0 2.46786 -2.56305
410 0 2.46786 -2.56305
411 0 2.46786 -2.56305
412 0 2.46786 -2.56305
413 0 2.46786 -2.56305
414 0 2.46786 -2.56305
415 0 2.46786 -2.56305
416 0 2.46786 -2.56305
417 0 2.46786 -2.56305
418 0 2.46786 -2.56305
419 0 2.46786 -2.56305
420 0 2.46786 -2.56305
421 0 2.46786 -2.56305
422 0 2.46786 -2.56305
423 0 2.46786 -2.56305
424 0 2.46786 -2.56305
425 0 2.46786 -2.56305
426 0 2.46786 -2.56305
427 0 2.46786 -2.56305
428 0 2.46786 -2.56305
429 0 2.46786 -2.56305
430 0 2.46786 -2.56305
431 0 2.46786 -2.56305
432 0 2.46786 -2.56305
433 0 2.46786 -2.56305
434 0 2.46786 -2.56305
435 0 2.46786 -2.56305
436 0 2.46786 -2.56305
437 0 2.46786 -2.56305
438 0 2.46786 -2.56305
439 0 2.46786 -2.56305
440 0 2.46786 -2.56305
441 0 2.46786 -2.56305
442 0 2.46786 -2.56305
443 0 2.46786 -2.56305
444 0 2.46786 -2.56305
445 0 2.46786 -2.56305
446 0 2.46786 -2.56305
447 0 2.46786 -2.56305
448 0 2.46786 -2.56305
449 0 2.46786 -2.56305
450 0 2.46786 -2.56305
451 0 2.46786 -2.56305
452 0 2.46786 -2.56305
453 0 2.46786 -2.56305
454 0 2.46786 -2.56305
455 0 2.46786 -2.56305
456 0 2.46786 -2.56305
457 0 2.46786 -2.56305
458 0 2.46786 -2.56305
459 0 2.46786 -2.56305
460 0 2.46786 -2.56305
461 0 2.46786 -2.56305
462 0 2.46786 -2.56305
463 0 2.46786 -2.56305
464 0 2.46786 -2.56305
465 0 2.46786 -2.56305
466 0 2.46786 -2.56305
467 0 2.46786 -2.56305
468 0 2.46786 -2.56305
469 0 2.46786 -2.56305
470 0 2.46786 -2.56305
471 0 2.46786 -2.56305
472 0 2.46786 -2.56305
473 0 2.46786 -2.56305
474 0 2.46786 -2.56305
475 0 2.46786 -2.56305
476 0 2.46786 -2.56305
477 0 2.46786 -2.56305
478 0 2.46786 -2.56305
479 0 2.46786 -2.56305
480 0 2.46786 -2.56305
481 0 2.46786 -2.56305
482 0 2.46786 -2.56305
483 0 2.46786 -2.56305
484 0 2.46786 -2.56305
485 0 2.46786 -2.56305
486 0 2.46786 -2.56305
487 0 2.46786 -2.56305
488 0 2.46786 -2.56305
489 0 2.46786 -2.56305
490 0 2.46786 -2.56305
491 0 2.46786 -2.56305
492 0 2.46786 -2.56305
493 0 2.46786 -2.56305
494 0 2.46786 -2.56305
495 0 2.46786 -2.56305
496 0 2.46786 -2.56305
497 0 2.46786 -2.56305
498 0 2.46786 -2.56305
499 0 2.46786 -2.56305
500 0 2.46786 -2.56305
501 0 2.46786 -2.56305
502 0 2.46786 -2.56305
503 0 2.46786 -2.56305
504 0 2.46786 -2.56305
505 0 2.46786 -2.56305
506 0 2.46786 -2.56305
507 0 2.46786 -2.56305
508 0 2.46786 -2.56305
509 0 2.46786 -2.56305
510 0 2.46786 -2.56305
511 0 2.46786 -2.56305
512 0 2.46786 -2.56305
513 0 2.46786 -2.56305
514 0 2.46786 -2.56305
515 0 2.46786 -2.56305
516 0 2.46786 -2.56305
517 0 2.46786 -2.56305
518 0 2.46786 -2.56305
519 0 2.46786 -2.56305
520 0 2.46786 -2.56305
521 0 2.46786 -2.56305
522 0 2.46786 -2.56305
523 0 2.46786 -2.56305
524 0 2.46786 -2.56305
525 0 2.46786 -2.56305
526 0 2.46786 -2.56305
527 0 2.46786 -2.56305
528 0 2.46786 -2.56305
529 0 2.46786 -2.56305
530 0 2.46786 -2.56305
531 0 2.46786 -2.56305
532 0 2.46786 -2.56305
533 0 2.46786 -2.56305
534 0 2.46786 -2.56305
535 0 2.46786 -2.56305
536 0 2.46786 -2.56305
537 0 2.46786 -2.56305
538 0 2.46786 -2.56305
539 0 2.46786 -2.56305
540 0 2.46786 -2.56305
541 0 2.46786 -2.56305
542 0 2.46786 -2.56305
543 0 2.46786 -2.56305
544 0 2.46786 -2.56305
545 0 2.46786 -2.56305
546 0 2.46786 -2.56305
547 0 2.46786 -2.56305
548 0 2.46786 -2.56305
549 0 2.46786 -2.56305
550 0 2.46786 -2.56305
551 0 2.46786 -2.56305
552 0 2.46786 -2.56305
553 0 2.46786 -2.56305
554 0 2.46786 -2.56305
555 0 2.46786 -2.56305
556 0 2.46786 -2.56305
557 0 2.46786 -2.56305
558 0 2.46786 -2.56305
559 0 2.46786 -2.56305
560 0 2.46786 -2.56305
561 0 2.46786 -2.56305
562 0 2.46786 -2.56305
563 0 2.46786 -2.56305
564 0 2.46786 -2.56305
565 0 2.46786 -2.56305
566 0 2.46786 -2.56305
567 0 2.46786 -2.56305
568 0 2.46786 -2.56305
569 0 2.46786 -2.56305
570 0 2.46786 -2.56305
571 0 2.46786 -2.56305
572 0 2.46786 -2.56305
573 0 2.46786 -2.56305
574 0 2.46786 -2.56305
575 0 2.46786 -2.56305
576 0 2.46786 -2.56305
577 0 2.46786 -2.56305
578 0 2.46786 -2.56305
579 0 2.46786 -2.56305
580 0 2.46786 -2.56305
581 0 2.46786 -2.56305
582 0 2.46786 -2.56305
583 0 2.46786 -2.56305
584 0 2.46786 -2.56305
585 0 2.46786 -2.56305
586 0 2.46786 -2.56305
587 0 2.46786 -2.56305
588 0 2.46786 -2.56305
589 0 2.46786 -2.56305
590 0 2.46786 -2.56305
591 0 2.46786 -2.56305
592 0 2.46786 -2.56305
593 0 2.46786 -2.56305
594 0 2.46786 -2.56305
595 0 2.46786 -2.56305
596 0 2.46786 -2.56305
597 0 2.46786 -2.56305
598 0 2.46786 -2.56305
599 0 2.46786 -2.56305
600 0 2.46786 -2.56305
601 0 2.46786 -2.56305
602 0 2.46786 -2.56305
603 0 2.46786 -2.56305
604 0 2.46786 -2.56305
605 0 2.46786 -2.56305
606 0 2.46786 -2.56305
607 0 2.46786 -2.56305
608 0 2.46786 -2.56305
609 0 2.46786 -2.56305
610 0 2.46786 -2.56305
611 0 2.46786 -2.56305
612 0 2.46786 -2.56305
613 0 2.46786 -2.56305
614 0 2.46786 -2.56305
615 0 2.46786 -2.56305
616 0 2.46786 -2.56305
617 0 2.46786 -2.56305
618 0 2.46786 -2.56305
619 0 2.46786 -2.56305
620 0 2.46786 -2.56305
621 0 2.46786 -2.56305
622 0 2.46786 -2.56305
623 0 2.46786 -2.56305
624 0 2.46786 -2.56305
625 0 2.46786 -2.56305
626 0 2.46786 -2.56305
627 0 2.46786 -2.56305
628 0 2.46786 -2.56305
629 0 2.46786 -2.56305
630 0 2.46786 -2.56305
631 0 2.46786 -2.56305
632 0 2.46786 -2.56305
633 0 2.46786 -2.56305
634 0 2.46786 -2.56305
635 0 2.46786 -2.56305
636 0 2.46786 -2.56305
637 0 2.46786 -2.56305
638 0 2.46786 -2.56305
639 0 2.46786 -2.56305
640 0 2.46786 -2.56305
641 0 2.46786 -2.56305
642 0 2.46786 -2.56305
643 0 2.46786 -2.56305
644 0 2.46786 -2.56305
645 0 2.46786 -2.56305
646 0 2.46786 -2.56305
647 0 2.46786 -2.56305
648 0 2.46786 -2.56305
649 0 2.46786 -2.56305
650 0 2.46786 -2.56305
651 0 2.46786 -2.56305
652 0 2.46786 -2.56305
653 0 2.46786 -2.56305
654 0 2.46786 -2.56305
655 0 2.46786 -2.56305
656 0 2.46786 -2.56305
657 0 2.46786 -2.56305
658 0 2.46786 -2.56305
659 0 2.46786 -2.56305
660 0 2.46786 -2.56305
661 0 2.46786 -2.56305
662 0 2.46786 -2.56305
663 0 2.46786 -2.56305
664 0 2.46786 -2.56305
665 0 2.46786 -2.56305
666 0 2.46786 -2.56305
667 0 2.46786 -2.56305
668 0 2.46786 -2.56305
669 0 2.46786 -2.56305
670 0 2.46786 -2.56305
671 0 2.46786 -2.56305
672 0 2.46786 -2.56305
673 0 2.46786 -2.56305
674 0 2.46786 -2.56305
675 0 2.46786 -2.56305
676 0 2.46786 -2.56305
677 0 2.46786 -2.56305
678 0 2.46786 -2.56305
679 0 2.46786 -2.56305
680 0 2.46786 -2.56305
681 0 2.46786 -2.56305
682 0 2.46786 -2.56305
683 0 2.46786 -2.56305
684 0 2.46786 -2.56305
685 0 2.46786 -2.56305
686 0 2.46786 -2.56305
687 0 2.46786 -2.56305
688 0 2.46786 -2.56305
689 0 2.46786 -2.56305
690 0 2.46786 -2.56305
691 0 2.46786 -2.56305
692 0 2.46786 -2.56305
693 0 2.46786 -2.56305
694 0 2.46786 -2.56305
695 0 2.46786 -2.56305
696 0 2.46786 -2.56305
697 0 2.46786 -2.56305
698 0 2.46786 -2.56305
699 0 2.46786 -2.56305
700 0 2.46786 -2.56305
701 0 2.46786 -2.56305
702 0 2.46786 -2.56305
703 0 2.46786 -2.56305
704 0 2.46786 -2.56305
705 0 2.46786 -2.56305
706 0 2.46786 -2.56305
707 0 2.46786 -2.56305
708 0 2.46786 -2.56305
709 0 2.46786 -2.56305
710 0 2.46786 -2.56305
711 0 2.46786 -2.56305
712 0 2.46786 -2.56305
713 0 2.46786 -2.56305
714 0 2.46786 -2.56305
715 0 2.46786 -2.56305
716 0 2.46786 -2.56305
717 0 2.46786 -2.56305
718 0 2.46786 -2.56305
719 0 2.46786 -2.56305
720 0 2.46786 -2.56305
721 0 2.46786 -2.56305
722 0 2.46786 -2.56305
723 0 2.46786 -2.56305
724 0 2.46786 -2.56305
725 0 2.46786 -2.56305
726 0 2.46786 -2.56305
727 0 2.46786 -2.56305
728 0 2.46786 -2.56305
729 0 2.46786 -2.56305
730 0 2.46786 -2.56305
731 0 2.46786 -2.56305
732 0 2.46786 -2.56305
733 0 2.46786 -2.56305
734 0 2.46786 -2.56305
735 0 2.46786 -2.56305
736 0 2.46786 -2.56305
737 0 2.46786 -2.56305
738 0 2.46786 -2.56305
739 0 2.46786 -2.56305
740 0 2.46786 -2.56305
741 0 2.46786 -2.56305
742 0 2.46786 -2.56305
743 0 2.46786 -2.56305
744 0 2.46786 -2.56305
745 0 2.46786 -2.56305
746 0 2.46786 -2.56305
747 0 2.46786 -2.56305
748 0 2.46786 -2.56305
749 0 2.46786 -2.56305
750 0 2.46786 -2.56305
751 0 2.46786 -2.56305
752 0 2.46786 -2.56305
753 0 2.46786 -2.56305
754 0 2.46786 -2.56305
755 0 2.46786 -2.56305
756 0 2.46786 -2.56305
757 0 2.46786 -2.56305
758 0 2.46786 -2.56305
759 0 2.46786 -2.56305
760 0 2.46786 -2.56305
761 0 2.46786 -2.56305
762 0 2.46786 -2.56305
763 0 2.46786 -2.56305
764 0 2.46786 -2.56305
765 0 2.46786 -2.56305
766 0 2.46786 -2.56305
767 0 2.46786 -2.56305
768 0 2.46786 -2.56305
769 0 2.46786 -2.56305
770 0 2.46786 -2.56305
771 0 2.46786 -2.56305
772 0 2.46786 -2.56305
773 0 2.46786 -2.56305
774 0 2.46786 -2.56305
775 0 2.46786 -2.56305
776 0 2.46786 -2.56305
777 0 2.46786 -2.56305
778 0 2.46786 -2.56305
779 0 2.46786 -2.56305
780 0 2.46786 -2.56305
781 0 2.46786 -2.56305
782 0 2.46786 -2.56305
783 0 2.46786 -2.56305
784 0 2.46786 -2.56305
785 0 2.46786 -2.56305
786 0 2.46786 -2.56305
787 0 2.46786 -2.56305
788 0 2.46786 -2.56305
789 0 2.46786 -2.56305
790 0 2.46786 -2.56305
791 0 2.46786 -2.56305
792 0 2.46786 -2.56305
793 0 2.46786 -2.56305
794 0 2.46786 -2.56305
795 0 2.46786 -2.56305
796 0 2.46786 -2.56305
797 0 2.46786 -2.56305
798 0 2.46786 -2.56305
799 0 2.46786 -2.56305
800 0 2.46786 -2.56305
801 0 2.46786 -2.56305
802 0 2.46786 -2.56305
803 0 2.46786 -2.56305
804 0 2.46786 -2.56305
805 0 2.46786 -2.56305
806 0 2.46786 -2.56305
807 0 2.46786 -2.56305
808 0 2.46786 -2.56305
809 0 2.46786 -2.56305
810 0 2.46786 -2.56305
811 0 2.46786 -2.56305
812 0 2.46786 -2.56305
813 0 2.46786 -2.56305
814 0 2.46786 -2.56305
815 0 2.46786 -2.56305
816 0 2.46786 -2.56305
817 0 2.46786 -2.56305
818 0 2.46786 -2.56305
819 0 2.46786 -2.56305
820 0 2.46786 -2.56305
821 0 2.46786 -2.56305
822 0 2.46786 -2.56305
823 0 2.46786 -2.56305
824 0 2.46786 -2.56305
825 0 2.46786 -2.56305
826 0 2.46786 -2.56305
827 0 2.46786 -2.56305
828 0 2.46786 -2.56305
829 0 2.46786 -2.56305
830 0 2.46786 -2.56305
831 0 2.46786 -2.56305
832 0 2.46786 -2.56305
833 0 2.46786 -2.56305
834 0 2.46786 -2.56305
835 0 2.46786 -2.56305
836 0 2.46786 -2.56305
837 0 2.46786 -2.56305
838 0 2.46786 -2.56305
839 0 2.46786 -2.56305
840 0 2.46786 -2.56305
841 0 2.46786 -2.56305
842 0 2.46786 -2.56305
843 0 2.46786 -2.56305
844 0 2.46786 -2.56305
845 0 2.46786 -2.56305
846 0 2.46786 -2.56305
847 0 2.46786 -2.56305
848 0 2.46786 -2.56305
849 0 2.46786 -2.56305
850 0 2.46786 -2.56305
851 0 2.46786 -2.56305
852 0 2.46786 -2.56305
853 0 2.46786 -2.56305
854 0 2.46786 -2.56305
855 0 2.46786 -2.56305
856 0 2.46786 -2.56305
857 0 2.46786 -2.56305
858 0 2.46786 -2.56305
859 0 2.46786 -2.56305
860 0 2.46786 -2.56305
861 0 2.46786 -2.56305
862 0 2.46786 -2.56305
863 0 2.46786 -2.56305
864 0 2.46786 -2.56305
865 0 2.46786 -2.56305
866 0 2.46786 -2.56305
867 0 2.46786 -2.56305
868 0 2.46786 -2.56305
869 0 2.46786 -2.56305
870 0 2.46786 -2.56305
871 0 2.46786 -2.56305
872 0 2.46786 -2.56305
873 0 2.46786 -2.56305
874 0 2.46786 -2.56305
875 0 2.46786 -2.56305
876 0 2.46786 -2.56305
877 0 2.46786 -2.56305
878 0 2.46786 -2.56305
879 0 2.46786 -2.56305
880 0 2.46786 -2.56305
881 0 2.46786 -2.56305
882 0 2.46786 -2.56305
883 0 2.46786 -2.56305
884 0 2.46786 -2.56305
885 0 2.46786 -2.56305
886 0 2.46786 -2.56305
887 0 2.46786 -2.56305
888 0 2.46786 -2.56305
889 0 2.46786 -2.56305
890 0 2.46786 -2.56305
891 0 2.46786 -2.56305
892 0 2.46786 -2.56305
893 0 2.46786 -2.56305
894 0 2.46786 -2.56305
895 0 2.46786 -2.56305
896 0 2.46786 -2.56305
897 0 2.46786 -2.56305
898 0 2.46786 -2.56305
899 0 2.46786 -2.56305
900 0 2.46786 -2.56305
901 0 2.46786 -2.56305
902 0 2.46786 -2.56305
903 0 2.46786 -2.56305
904 0 2.46786 -2.56305
905 0 2.46786 -2.56305
906 0 2.46786 -2.56305
907 0 2.46786 -2.56305
908 0 2.46786 -2.56305
909 0 2.46786 -2.56305
910 0 2.46786 -2.56305
911 0 2.46786 -2.56305
912 0 2.46786 -2.56305
913 0 2.46786 -2.56305
914 0 2.46786 -2.56305
915 0 2.46786 -2.56305
916 0 2.46786 -2.56305
917 0 2.46786 -2.56305
918 0 2.46786 -2.56305
919 0 2.46786 -2.56305
920 0 2.46786 -2.56305
921 0 2.46786 -2.56305
922 0 2.46786 -2.56305
923 0 2.46786 -2.56305
924 0 2.46786 -2.56305
925 0 2.46786 -2.56305
926 0 2.46786 -2.56305
927 0 2.46786 -2.56305
928 0 2.46786 -2.56305
929 0 2.46786 -2.56305
930 0 2.46786 -2.56305
931 0 2.46786 -2.56305
932 0 2.46786 -2.56305
933 0 2.46786 -2.56305
934 0 2.46786 -2.56305
935 0 2.46786 -2.56305
936 0 2.46786 -2.56305
937 0 2.46786 -2.56305
938 0 2.46786 -2.56305
939 0 2.46786 -2.56305
940 0 2.46786 -2.56305
941 0 2.46786 -2.56305
942 0 2.46786 -2.56305
943 0 2.46786 -2.56305
944 0 2.46786 -2.56305
945 0 2.46786 -2.56305
946 0 2.46786 -2.56305
947 0 2.46786 -2.56305
948 0 2.46786 -2.56305
949 0 2.46786 -2.56305
950 0 2.46786 -2.56305
951 0 2.46786 -2.56305
952 0 2.46786 -2.56305
953 0 2.46786 -2.56305
954 0 2.46786 -2.56305
955 0 2.46786 -2.56305
956 0 2.46786 -2.56305
957 0 2.46786 -2.56305
958 0 2.46786 -2.56305
959 0 2.46786 -2.56305
960 0 2.46786 -2.56305
961 0 2.46786 -2.56305
962 0 2.46786 -2.56305
963 0 2.46786 -2.56305
964 0 2.46786 -2.56305
965 0 2.46786 -2.56305
966 0 2.46786 -2.56305
967 0 2.46786 -2.56305
968 0 2.46786 -2.56305
969 0 2.46786 -2.56305
970 0 2.46786 -2.56305
971 0 2.46786 -2.56305
972 0 2.46786 -2.56305
973 0 2.46786 -2.56305
974 0 2.46786 -2.56305
975 0 2.46786 -2.56305
976 0 2.46786 -2.56305
977 0 2.46786 -2.56305
978 0 2.46786 -2.56305
979 0 2.46786 -2.56305
980 0 2.46786 -2.56305
981 0 2.46786 -2.56305
982 0 2.46786 -2.56305
983 0 2.46786 -2.56305
984 0 2.46786 -2.56305
985 0 2.46786 -2.56305
986 0 2.46786 -2.56305
987 0 2.46786 -2.56305
988 0 2.46786 -2.56305
989 0 2.46786 -2.56305
990 0 2.46786 -2.56305
991 0 2.46786 -2.56305
992 0 2.46786 -2.56305
993 0 2.46786 -2.56305
994 0 2.46786 -2.56305
995 0 2.46786 -2.56305
996 0 2.46786 -2.56305
997 0 2.46786 -2.56305
998 0 2.46786 -2.56305
999 0 2.46786 -2.56305
1000 0 2.46786 -2.56305
