1 -1 0.677964 0.837626
2 0 -0.255735 0.371071
3 1 -0.307203 -0.30125
4 1 -0.307203 -0.30125
5 0 0.63011 -0.108434
6 1 0.553418 -0.401623
7 0 1.26769 0.275606
8 0 1.26769 0.275606
9 1 0.712619 -0.60384
10 1 0.712619 -0.60384
11 0 1.17815 -0.544411
12 0 1.17815 -0.544411
13 0 1.17815 -0.544411
14 0 1.17815 -0.544411
15 0 1.17815 -0.544411
16 0 1.17815 -0.544411
17 0 1.17815 -0.544411
18 0 1.17815 -0.544411
19 1 0.451871 -1.53529
20 0 0.975505 -1.09104
21 0 0.975505 -1.09104
22 0 0.975505 -1.09104
23 0 0.975505 -1.09104
24 0 0.975505 -1.09104
25 0 0.975505 -1.09104
26 0 0.975505 -1.09104
27 0 0.975505 -1.09104
28 1 0.192341 -1.5647
29 1 0.192341 -1.5647
30 0 0.963882 -1.20026
31 0 0.963882 -1.20026
32 1 0.544806 -1.51817
33 1 0.544806 -1.51817
34 0 1.06844 -1.07392
35 0 1.06844 -1.07392
36 0 1.06844 -1.07392
37 0 1.06844 -1.07392
38 0 1.06844 -1.07392
39 0 1.06844 -1.07392
40 0 1.06844 -1.07392
41 0 1.06844 -1.07392
42 0 1.06844 -1.07392
43 0 1.06844 -1.07392
44 0 1.06844 -1.07392
45 0 1.06844 -1.07392
46 0 1.06844 -1.07392
47 0 1.06844 -1.07392
48 0 1.06844 -1.07392
49 0 1.06844 -1.07392
50 0 1.06844 -1.07392
51 0 1.06844 -1.07392
52 0 1.06844 -1.07392
53 0 1.06844 -1.07392
54 0 1.06844 -1.07392
55 0 1.06844 -1.07392
56 0 1.06844 -1.07392
57 0 1.06844 -1.07392
58 -1 1.20017 -0.401109
59 -1 1.20017 -0.401109
60 -1 1.20017 -0.401109
61 0 1.0764 -1.02399
62 0 1.0764 -1.02399
63 0 1.0764 -1.02399
64 0 1.0764 -1.02399
65 0 1.0764 -1.02399
66 0 1.0764 -1.02399
67 0 1.0764 -1.02399
68 0 1.0764 -1.02399
69 0 1.0764 -1.02399
70 0 1.0764 -1.02399
71 0 1.0764 -1.02399
72 0 1.0764 -1.02399
73 0 1.0764 -1.02399
74 0 1.0764 -1.02399
75 0 1.0764 -1.02399
76 0 1.0764 -1.02399
77 0 1.0764 -1.02399
78 0 1.0764 -1.02399
79 0 1.0764 -1.02399
80 1 0.293236 -1.49765
81 1 0.293236 -1.49765
82 1 0.293236 -1.49765
83 1 0.293236 -1.49765
84 1 0.293236 -1.49765
85 0 1.05791 -1.39824
86 -1 1.18964 -0.725434
87 0 1.11026 -1.65326
88 0 1.11026 -1.65326
89 0 1.11026 -1.65326
90 1 0.861104 -1.79871
91 0 1.4344 -0.798708
92 0 1.4344 -0.798708
93 0 1.4344 -0.798708
94 0 1.4344 -0.798708
95 1 1.17453 -1.25814
96 1 1.17453 -1.25814
97 0 1.69817 -0.81389
98 0 1.69817 -0.81389
99 1 0.915004 -1.28755
100 0 1.49242 -1.2208
101 0 1.49242 -1.2208
102 0 1.49242 -1.2208
103 0 1.49242 -1.2208
104 0 1.49242 -1.2208
105 0 1.49242 -1.2208
106 0 1.49242 -1.2208
107 0 1.49242 -1.2208
108 0 1.49242 -1.2208
109 0 1.49242 -1.2208
110 0 1.49242 -1.2208
111 0 1.49242 -1.2208
112 0 1.49242 -1.2208
113 0 1.49242 -1.2208
114 0 1.49242 -1.2208
115 0 1.49242 -1.2208
116 0 1.49242 -1.2208
117 0 1.49242 -1.2208
118 1 0.774468 -1.93363
119 1 0.774468 -1.93363
120 0 1.6594 -1.49036
121 0 1.6594 -1.49036
122 0 1.6594 -1.49036
123 0 1.6594 -1.49036
124 0 1.6594 -1.49036
125 0 1.6594 -1.49036
126 0 1.6594 -1.49036
127 0 1.6594 -1.49036
128 1 1.28387 -1.49036
129 0 2.20919 -1.18902
130 0 2.20919 -1.18902
131 0 2.20919 -1.18902
132 0 2.20919 -1.18902
133 0 2.20919 -1.18902
134 0 2.20919 -1.18902
135 0 2.20919 -1.18902
136 0 2.20919 -1.18902
137 0 2.20919 -1.18902
138 0 2.20919 -1.18902
139 0 2.20919 -1.18902
140 0 2.20919 -1.18902
141 0 2.20919 -1.18902
142 0 2.20919 -1.18902
143 0 2.20919 -1.18902
144 0 2.20919 -1.18902
145 0 2.20919 -1.18902
146 0 2.20919 -1.18902
147 0 2.20919 -1.18902
148 0 2.20919 -1.18902
149 0 2.20919 -1.18902
150 0 2.20919 -1.18902
151 0 2.20919 -1.18902
152 0 2.20919 -1.18902
153 0 2.20919 -1.18902
154 0 2.20919 -1.18902
155 0 2.20919 -1.18902
156 0 2.20919 -1.18902
157 0 2.20919 -1.18902
158 0 2.20919 -1.18902
159 0 2.20919 -1.18902
160 0 2.20919 -1.18902
161 0 2.20919 -1.18902
162 0 2.20919 -1.18902
163 0 2.20919 -1.18902
164 0 2.20919 -1.18902
165 0 2.20919 -1.18902
166 0 2.20919 -1.18902
167 0 2.20919 -1.18902
168 0 2.20919 -1.18902
169 0 2.20919 -1.18902
170 0 2.20919 -1.18902
171 0 2.20919 -1.18902
172 0 2.20919 -1.18902
173 0 2.20919 -1.18902
174 1 1.49124 -1.90185
175 1 1.49124 -1.90185
176 0 2.20093 -1.53153
177 0 2.20093 -1.53153
178 0 2.20093 -1.53153
179 0 2.20093 -1.53153
180 -1 2.33266 -0.858714
181 -1 2.33266 -0.858714
182 0 2.27512 -1.1377
183 0 2.27512 -1.1377
184 1 1.60943 -2.11057
185 1 1.60943 -2.11057
186 1 1.60943 -2.11057
187 1 1.60943 -2.11057
188 1 1.60943 -2.11057
189 1 1.60943 -2.11057
190 0 2.07496 -2.05114
191 0 2.07496 -2.05114
192 0 2.07496 -2.05114
193 0 2.07496 -2.05114
194 0 2.07496 -2.05114
195 0 2.07496 -2.05114
196 0 2.07496 -2.05114
197 1 1.35701 -2.76398
198 1 1.35701 -2.76398
199 0 1.88065 -2.31973
200 0 1.88065 -2.31973
201 0 1.88065 -2.31973
202 0 1.88065 -2.31973
203 0 1.88065 -2.31973
204 1 1.46157 -2.63764
205 1 1.46157 -2.63764
206 1 1.46157 -2.63764
207 0 2.30162 -2.208
208 1 1.51845 -2.68167
209 0 1.88096 -2.37843
210 -1 2.59523 -1.7012
211 -1 2.59523 -1.7012
212 0 2.4694 -1.96606
213 0 2.4694 -1.96606
214 1 2.12557 -2.36514
215 0 2.78237 -1.74437
216 1 2.36329 -2.06228
217 1 2.36329 -2.06228
218 1 2.36329 -2.06228
219 0 2.84719 -1.68109
220 0 2.84719 -1.68109
221 0 2.84719 -1.68109
222 0 2.84719 -1.68109
223 0 2.84719 -1.68109
224 1 2.25946 -2.66339
225 1 2.25946 -2.66339
226 0 2.9747 -2.14812
227 0 2.9747 -2.14812
228 0 2.9747 -2.14812
229 -1 3.54799 -1.14812
230 -1 3.54799 -1.14812
231 0 3.2584 -1.78864
232 0 3.2584 -1.78864
233 0 3.2584 -1.78864
234 0 3.2584 -1.78864
235 0 3.2584 -1.78864
236 0 3.2584 -1.78864
237 0 3.2584 -1.78864
238 0 3.2584 -1.78864
239 0 3.2584 -1.78864
240 0 3.2584 -1.78864
241 1 2.59272 -2.76151
242 1 2.59272 -2.76151
243 0 2.72445 -2.0887
244 0 2.72445 -2.0887
245 0 2.72445 -2.0887
246 0 2.72445 -2.0887
247 0 2.72445 -2.0887
248 0 2.72445 -2.0887
249 0 2.72445 -2.0887
250 0 2.72445 -2.0887
251 0 2.72445 -2.0887
252 0 2.72445 -2.0887
253 0 2.72445 -2.0887
254 0 2.72445 -2.0887
255 -1 2.85618 -1.41589
256 -1 2.85618 -1.41589
257 0 2.48652 -2.15175
258 0 2.48652 -2.15175
259 0 2.48652 -2.15175
260 0 2.48652 -2.15175
261 0 2.48652 -2.15175
262 0 2.48652 -2.15175
263 0 2.48652 -2.15175
264 0 2.48652 -2.15175
265 -1 3.05981 -1.15175
266 0 2.91321 -2.13989
267 0 2.91321 -2.13989
268 0 2.91321 -2.13989
269 0 2.91321 -2.13989
270 0 2.91321 -2.13989
271 0 2.91321 -2.13989
272 1 2.46811 -2.73625
273 1 2.46811 -2.73625
274 1 2.46811 -2.73625
275 1 2.46811 -2.73625
276 1 2.46811 -2.73625
277 1 2.46811 -2.73625
278 1 2.46811 -2.73625
279 1 2.46811 -2.73625
280 1 2.46811 -2.73625
281 0 2.90205 -2.40976
282 0 2.90205 -2.40976
283 0 2.90205 -2.40976
284 0 2.90205 -2.40976
285 1 1.96835 -2.87631
286 0 2.64632 -2.03869
287 0 2.64632 -2.03869
288 0 2.64632 -2.03869
289 0 2.64632 -2.03869
290 1 1.86315 -2.51235
291 0 2.2971 -2.18586
292 0 2.2971 -2.18586
293 0 2.2971 -2.18586
294 0 2.2971 -2.18586
295 0 2.2971 -2.18586
296 0 2.2971 -2.18586
297 0 2.2971 -2.18586
298 0 2.2971 -2.18586
299 0 2.2971 -2.18586
300 0 2.2971 -2.18586
301 0 2.2971 -2.18586
302 0 2.2971 -2.18586
303 0 2.2971 -2.18586
304 0 2.2971 -2.18586
305 0 2.2971 -2.18586
306 -1 2.7955 -1.63241
307 -1 2.7955 -1.63241
308 0 2.76638 -1.97977
309 0 2.76638 -1.97977
310 0 2.76638 -1.97977
311 0 2.76638 -1.97977
312 1 2.32127 -2.57613
313 1 2.32127 -2.57613
314 1 2.32127 -2.57613
315 1 2.32127 -2.57613
316 1 2.32127 -2.57613
317 0 2.453 -1.90332
318 0 2.453 -1.90332
319 0 2.453 -1.90332
320 0 2.453 -1.90332
321 0 2.453 -1.90332
322 0 2.453 -1.90332
323 0 2.453 -1.90332
324 0 2.453 -1.90332
325 0 2.453 -1.90332
326 0 2.453 -1.90332
327 0 2.453 -1.90332
328 0 2.453 -1.90332
329 0 2.453 -1.90332
330 0 2.453 -1.90332
331 0 2.453 -1.90332
332 0 2.453 -1.90332
333 0 2.453 -1.90332
334 0 2.453 -1.90332
335 0 2.453 -1.90332
336 0 2.453 -1.90332
337 0 2.453 -1.90332
338 0 2.453 -1.90332
339 0 2.453 -1.90332
340 0 2.453 -1.90332
341 0 2.453 -1.90332
342 0 2.453 -1.90332
343 1 1.66984 -2.37698
344 1 1.66984 -2.37698
345 1 1.66984 -2.37698
346 0 2.00361 -2.02015
347 0 2.00361 -2.02015
348 0 2.00361 -2.02015
349 0 2.00361 -2.02015
350 0 2.00361 -2.02015
351 0 2.00361 -2.02015
352 0 2.00361 -2.02015
353 0 2.00361 -2.02015
354 0 2.00361 -2.02015
355 1 1.06991 -2.4867
356 0 1.56831 -1.93325
357 0 1.56831 -1.93325
358 0 1.56831 -1.93325
359 0 1.56831 -1.93325
360 0 1.56831 -1.93325
361 -1 2.09194 -1.489
362 -1 2.09194 -1.489
363 0 1.64857 -2.44476
364 0 1.64857 -2.44476
365 0 1.64857 -2.44476
366 0 1.64857 -2.44476
367 0 1.64857 -2.44476
368 0 1.64857 -2.44476
369 0 1.64857 -2.44476
370 0 1.64857 -2.44476
371 0 1.64857 -2.44476
372 0 1.64857 -2.44476
373 0 1.64857 -2.44476
374 0 1.64857 -2.44476
375 0 1.64857 -2.44476
376 0 1.64857 -2.44476
377 0 1.64857 -2.44476
378 0 1.64857 -2.44476
379 0 1.64857 -2.44476
380 0 1.64857 -2.44476
381 0 1.64857 -2.44476
382 0 1.64857 -2.44476
383 0 1.64857 -2.44476
384 0 1.64857 -2.44476
385 0 1.64857 -2.44476
386 1 1.39941 -2.59021
387 0 1.53114 -1.9174
388 0 1.53114 -1.9174
389 0 1.53114 -1.9174
390 0 1.53114 -1.9174
391 0 1.53114 -1.9174
392 0 1.53114 -1.9174
393 1 0.597444 -2.38396
394 1 0.597444 -2.38396
395 1 0.597444 -2.38396
396 0 1.17074 -1.38396
397 1 0.751661 -1.70186
398 1 0.751661 -1.70186
399 0 1.48422 -1.39059
400 0 1.48422 -1.39059
401 0 1.48422 -1.39059
402 0 1.48422 -1.39059
403 0 1.48422 -1.39059
404 1 1.1087 -1.39059
405 1 1.1087 -1.39059
406 1 1.1087 -1.39059
407 0 2.06312 -1.26555
408 0 2.06312 -1.26555
409 0 2.06312 -1.26555
410 0 2.06312 -1.26555
411 0 2.06312 -1.26555
412 1 1.87776 -1.55304
413 1 1.87776 -1.55304
414 1 1.87776 -1.55304
415 0 2.6493 -1.1886
416 0 2.6493 -1.1886
417 0 2.6493 -1.1886
418 0 2.6493 -1.1886
419 0 2.6493 -1.1886
420 0 2.6493 -1.1886
421 0 2.6493 -1.1886
422 0 2.6493 -1.1886
423 0 2.6493 -1.1886
424 1 1.93136 -1.90144
425 0 2.92344 -1.35573
426 0 2.92344 -1.35573
427 0 2.92344 -1.35573
428 0 2.92344 -1.35573
429 0 2.92344 -1.35573
430 0 2.92344 -1.35573
431 0 2.92344 -1.35573
432 1 2.73808 -1.64322
433 1 2.73808 -1.64322
434 1 2.73808 -1.64322
435 1 2.73808 -1.64322
436 1 2.73808 -1.64322
437 1 2.73808 -1.64322
438 1 2.73808 -1.64322
439 1 2.73808 -1.64322
440 1 2.73808 -1.64322
441 0 3.41604 -0.805595
442 0 3.41604 -0.805595
443 0 3.41604 -0.805595
444 0 3.41604 -0.805595
445 -1 3.54777 -0.132784
446 -1 3.54777 -0.132784
447 -1 3.54777 -0.132784
448 -1 3.54777 -0.132784
449 -1 3.54777 -0.132784
450 -1 3.54777 -0.132784
451 0 3.42194 -0.397642
452 0 3.42194 -0.397642
453 0 3.42194 -0.397642
454 1 2.63878 -0.871306
455 1 2.63878 -0.871306
456 1 2.63878 -0.871306
457 1 2.63878 -0.871306
458 1 2.63878 -0.871306
459 1 2.63878 -0.871306
460 1 2.63878 -0.871306
461 1 2.63878 -0.871306
462 1 2.63878 -0.871306
463 1 2.63878 -0.871306
464 1 2.63878 -0.871306
465 1 2.63878 -0.871306
466 1 2.63878 -0.871306
467 1 2.63878 -0.871306
468 1 2.63878 -0.871306
469 1 2.63878 -0.871306
470 1 2.63878 -0.871306
471 1 2.63878 -0.871306
472 1 2.63878 -0.871306
473 1 2.63878 -0.871306
474 1 2.63878 -0.871306
475 1 2.63878 -0.871306
476 1 2.63878 -0.871306
477 1 2.63878 -0.871306
478 1 2.63878 -0.871306
479 0 2.99714 -0.55648
480 0 2.99714 -0.55648
481 1 2.74018 -1.39868
482 1 2.74018 -1.39868
483 1 2.74018 -1.39868
484 0 3.17412 -1.07218
485 0 3.17412 -1.07218
486 0 3.17412 -1.07218
487 1 2.72902 -1.66855
488 1 2.72902 -1.66855
489 1 2.72902 -1.66855
490 1 2.72902 -1.66855
491 0 2.86075 -0.995734
492 0 2.86075 -0.995734
493 0 2.86075 -0.995734
494 0 2.86075 -0.995734
495 0 2.86075 -0.995734
496 0 2.86075 -0.995734
497 0 2.86075 -0.995734
498 0 2.86075 -0.995734
499 0 2.86075 -0.995734
500 0 2.86075 -0.995734
501 1 2.1428 -1.70857
502 1 2.1428 -1.70857
503 1 2.1428 -1.70857
504 1 2.1428 -1.70857
505 1 2.1428 -1.70857
506 1 2.1428 -1.70857
507 1 2.1428 -1.70857
508 1 2.1428 -1.70857
509 1 2.1428 -1.70857
510 1 2.1428 -1.70857
511 1 2.1428 -1.70857
512 1 2.1428 -1.70857
513 0 2.49338 -1.42089
514 0 2.49338 -1.42089
515 0 2.49338 -1.42089
516 0 2.49338 -1.42089
517 0 2.49338 -1.42089
518 0 2.49338 -1.42089
519 1 1.93831 -2.30034
520 1 1.93831 -2.30034
521 1 1.93831 -2.30034
522 1 1.93831 -2.30034
523 0 2.56955 -2.04604
524 0 2.56955 -2.04604
525 0 2.56955 -2.04604
526 0 2.56955 -2.04604
527 0 2.56955 -2.04604
528 0 2.56955 -2.04604
529 0 2.56955 -2.04604
530 0 2.56955 -2.04604
531 0 2.56955 -2.04604
532 0 2.56955 -2.04604
533 -1 2.70128 -1.37323
534 0 2.64981 -2.04555
535 0 2.64981 -2.04555
536 0 2.64981 -2.04555
537 0 2.64981 -2.04555
538 0 2.64981 -2.04555
539 0 2.64981 -2.04555
540 0 2.64981 -2.04555
541 0 2.64981 -2.04555
542 0 2.64981 -2.04555
543 0 2.64981 -2.04555
544 0 2.64981 -2.04555
545 0 2.64981 -2.04555
546 0 2.64981 -2.04555
547 0 2.64981 -2.04555
548 0 2.64981 -2.04555
549 0 2.64981 -2.04555
550 0 2.64981 -2.04555
551 0 2.64981 -2.04555
552 0 2.64981 -2.04555
553 0 2.64981 -2.04555
554 0 2.64981 -2.04555
555 0 2.64981 -2.04555
556 0 2.64981 -2.04555
557 0 2.64981 -2.04555
558 0 2.64981 -2.04555
559 0 2.64981 -2.04555
560 0 2.64981 -2.04555
561 0 2.64981 -2.04555
562 0 2.64981 -2.04555
563 0 2.64981 -2.04555
564 0 2.64981 -2.04555
565 0 2.64981 -2.04555
566 0 2.64981 -2.04555
567 0 2.64981 -2.04555
568 0 2.64981 -2.04555
569 0 2.64981 -2.04555
570 0 2.64981 -2.04555
571 0 2.64981 -2.04555
572 0 2.64981 -2.04555
573 0 2.64981 -2.04555
574 0 2.64981 -2.04555
575 0 2.64981 -2.04555
576 0 2.64981 -2.04555
577 0 2.64981 -2.04555
578 0 2.64981 -2.04555
579 0 2.64981 -2.04555
580 0 2.64981 -2.04555
581 1 2.27429 -2.04555
582 1 2.27429 -2.04555
583 1 2.27429 -2.04555
584 1 2.27429 -2.04555
585 1 2.27429 -2.04555
586 0 2.62486 -1.75788
587 0 2.62486 -1.75788
588 0 2.62486 -1.75788
589 0 2.62486 -1.75788
590 0 2.62486 -1.75788
591 0 2.62486 -1.75788
592 0 2.62486 -1.75788
593 0 2.62486 -1.75788
594 0 2.62486 -1.75788
595 1 1.8417 -2.23154
596 1 1.8417 -2.23154
597 0 2.73877 -1.93074
598 0 2.73877 -1.93074
599 0 2.73877 -1.93074
600 -1 3.31207 -0.930743
601 -1 3.31207 -0.930743
602 0 3.0551 -1.77294
603 0 3.0551 -1.77294
604 0 3.0551 -1.77294
605 0 3.0551 -1.77294
606 0 3.0551 -1.77294
607 0 3.0551 -1.77294
608 0 3.0551 -1.77294
609 0 3.0551 -1.77294
610 0 3.0551 -1.77294
611 1 2.51209 -2.61804
612 1 2.51209 -2.61804
613 1 2.51209 -2.61804
614 1 2.51209 -2.61804
615 1 2.51209 -2.61804
616 1 2.51209 -2.61804
617 0 3.22177 -2.24771
618 0 3.22177 -2.24771
619 0 3.22177 -2.24771
620 0 3.22177 -2.24771
621 0 3.22177 -2.24771
622 0 3.22177 -2.24771
623 0 3.22177 -2.24771
624 0 3.22177 -2.24771
625 1 2.50382 -2.96055
626 0 2.93777 -2.63405
627 0 2.93777 -2.63405
628 0 2.93777 -2.63405
629 0 2.93777 -2.63405
630 0 2.93777 -2.63405
631 -1 3.0695 -1.96124
632 -1 3.0695 -1.96124
633 -1 3.0695 -1.96124
634 0 2.28633 -2.43491
635 0 2.28633 -2.43491
636 0 2.28633 -2.43491
637 0 2.28633 -2.43491
638 0 2.28633 -2.43491
639 -1 2.78473 -1.88146
640 0 2.52777 -2.72365
641 0 2.52777 -2.72365
642 0 2.52777 -2.72365
643 1 1.59407 -3.19021
644 1 1.59407 -3.19021
645 1 1.59407 -3.19021
646 0 2.54393 -2.55889
647 0 2.54393 -2.55889
648 0 2.54393 -2.55889
649 0 2.54393 -2.55889
650 0 2.54393 -2.55889
651 0 2.54393 -2.55889
652 0 2.54393 -2.55889
653 0 2.54393 -2.55889
654 0 2.54393 -2.55889
655 0 2.54393 -2.55889
656 0 2.54393 -2.55889
657 0 2.54393 -2.55889
658 0 2.54393 -2.55889
659 0 2.54393 -2.55889
660 0 2.54393 -2.55889
661 0 2.54393 -2.55889
662 0 2.54393 -2.55889
663 0 2.54393 -2.55889
664 0 2.54393 -2.55889
665 0 2.54393 -2.55889
666 0 2.54393 -2.55889
667 0 2.54393 -2.55889
668 1 1.61024 -3.02544
669 1 1.61024 -3.02544
670 0 2.32451 -2.34821
671 0 2.32451 -2.34821
672 0 2.32451 -2.34821
673 0 2.32451 -2.34821
674 0 2.32451 -2.34821
675 1 1.94898 -2.34821
676 1 1.94898 -2.34821
677 1 1.94898 -2.34821
678 1 1.94898 -2.34821
679 1 1.94898 -2.34821
680 1 1.94898 -2.34821
681 1 1.94898 -2.34821
682 0 2.58022 -2.09392
683 0 2.58022 -2.09392
684 0 2.58022 -2.09392
685 0 2.58022 -2.09392
686 0 2.58022 -2.09392
687 0 2.58022 -2.09392
688 0 2.58022 -2.09392
689 0 2.58022 -2.09392
690 0 2.58022 -2.09392
691 0 2.58022 -2.09392
692 0 2.58022 -2.09392
693 0 2.58022 -2.09392
694 0 2.58022 -2.09392
695 0 2.58022 -2.09392
696 0 2.58022 -2.09392
697 0 2.58022 -2.09392
698 0 2.58022 -2.09392
699 0 2.58022 -2.09392
700 0 2.58022 -2.09392
701 0 2.58022 -2.09392
702 0 2.58022 -2.09392
703 0 2.58022 -2.09392
704 0 2.58022 -2.09392
705 0 2.58022 -2.09392
706 0 2.58022 -2.09392
707 0 2.58022 -2.09392
708 0 2.58022 -2.09392
709 0 2.58022 -2.09392
710 0 2.58022 -2.09392
711 0 2.58022 -2.09392
712 0 2.58022 -2.09392
713 0 2.58022 -2.09392
714 0 2.58022 -2.09392
715 0 2.58022 -2.09392
716 0 2.58022 -2.09392
717 0 2.58022 -2.09392
718 0 2.58022 -2.09392
719 0 2.58022 -2.09392
720 0 2.58022 -2.09392
721 0 2.58022 -2.09392
722 0 2.58022 -2.09392
723 0 2.58022 -2.09392
724 0 2.58022 -2.09392
725 0 2.58022 -2.09392
726 0 2.58022 -2.09392
727 0 2.58022 -2.09392
728 0 2.58022 -2.09392
729 0 2.58022 -2.09392
730 1 2.2047 -2.09392
731 1 2.2047 -2.09392
732 0 2.83594 -1.83962
733 0 2.83594 -1.83962
734 0 2.83594 -1.83962
735 0 2.83594 -1.83962
736 0 2.83594 -1.83962
737 0 2.83594 -1.83962
738 0 2.83594 -1.83962
739 0 2.83594 -1.83962
740 0 2.83594 -1.83962
741 0 2.83594 -1.83962
742 0 2.83594 -1.83962
743 0 2.83594 -1.83962
744 0 2.83594 -1.83962
745 0 2.83594 -1.83962
746 0 2.83594 -1.83962
747 0 2.83594 -1.83962
748 0 2.83594 -1.83962
749 0 2.83594 -1.83962
750 0 2.83594 -1.83962
751 0 2.83594 -1.83962
752 0 2.83594 -1.83962
753 0 2.83594 -1.83962
754 0 2.83594 -1.83962
755 0 2.83594 -1.83962
756 0 2.83594 -1.83962
757 0 2.83594 -1.83962
758 0 2.83594 -1.83962
759 0 2.83594 -1.83962
760 0 2.83594 -1.83962
761 0 2.83594 -1.83962
762 0 2.83594 -1.83962
763 0 2.83594 -1.83962
764 0 2.83594 -1.83962
765 0 2.83594 -1.83962
766 0 2.83594 -1.83962
767 0 2.83594 -1.83962
768 0 2.83594 -1.83962
769 0 2.83594 -1.83962
770 0 2.83594 -1.83962
771 0 2.83594 -1.83962
772 0 2.83594 -1.83962
773 0 2.83594 -1.83962
774 0 2.83594 -1.83962
775 0 2.83594 -1.83962
776 0 2.83594 -1.83962
777 0 2.83594 -1.83962
778 0 2.83594 -1.83962
779 0 2.83594 -1.83962
780 0 2.83594 -1.83962
781 0 2.83594 -1.83962
782 0 2.83594 -1.83962
783 0 2.83594 -1.83962
784 0 2.83594 -1.83962
785 0 2.83594 -1.83962
786 0 2.83594 -1.83962
787 0 2.83594 -1.83962
788 0 2.83594 -1.83962
789 0 2.83594 -1.83962
790 0 2.83594 -1.83962
791 0 2.83594 -1.83962
792 0 2.83594 -1.83962
793 0 2.83594 -1.83962
794 0 2.83594 -1.83962
795 0 2.83594 -1.83962
796 0 2.83594 -1.83962
797 0 2.83594 -1.83962
798 0 2.83594 -1.83962
799 1 2.10966 -2.8305
800 0 2.78341 -2.52535
801 0 2.78341 -2.52535
802 0 2.78341 -2.52535
803 0 2.78341 -2.52535
804 0 2.78341 -2.52535
805 0 2.78341 -2.52535
806 0 2.78341 -2.52535
807 0 2.78341 -2.52535
808 0 2.78341 -2.52535
809 -1 3.28181 -1.9719
810 0 2.96143 -2.73072
811 0 2.96143 -2.73072
812 0 2.96143 -2.73072
813 0 2.96143 -2.73072
814 0 2.96143 -2.73072
815 0 2.96143 -2.73072
816 0 2.96143 -2.73072
817 0 2.96143 -2.73072
818 1 2.5859 -2.73072
819 1 2.5859 -2.73072
820 1 2.5859 -2.73072
821 0 3.0843 -2.17727
822 0 3.0843 -2.17727
823 0 3.0843 -2.17727
824 0 3.0843 -2.17727
825 1 2.6392 -2.77363
826 1 2.6392 -2.77363
827 0 3.07314 -2.44714
828 1 2.35519 -3.15998
829 1 2.35519 -3.15998
830 0 2.82072 -3.10055
831 0 2.82072 -3.10055
832 0 2.82072 -3.10055
833 0 2.82072 -3.10055
834 0 2.82072 -3.10055
835 0 2.82072 -3.10055
836 0 2.82072 -3.10055
837 0 2.82072 -3.10055
838 0 2.82072 -3.10055
839 0 2.82072 -3.10055
840 1 2.40165 -3.41846
841 0 3.13421 -3.10719
842 0 3.13421 -3.10719
843 0 3.13421 -3.10719
844 0 3.13421 -3.10719
845 0 3.13421 -3.10719
846 0 3.13421 -3.10719
847 0 3.13421 -3.10719
848 0 3.13421 -3.10719
849 0 3.13421 -3.10719
850 -1 3.7075 -2.10719
851 -1 3.7075 -2.10719
852 -1 3.7075 -2.10719
853 0 3.33197 -2.10719
854 0 3.33197 -2.10719
855 0 3.33197 -2.10719
856 0 3.33197 -2.10719
857 1 3.08282 -2.25264
858 1 3.08282 -2.25264
859 1 3.08282 -2.25264
860 1 3.08282 -2.25264
861 1 3.08282 -2.25264
862 0 3.65611 -1.25264
863 1 3.23703 -1.57055
864 1 3.23703 -1.57055
865 0 3.58761 -1.28287
866 1 2.65391 -1.74943
867 1 2.65391 -1.74943
868 1 2.65391 -1.74943
869 1 2.65391 -1.74943
870 1 2.65391 -1.74943
871 1 2.65391 -1.74943
872 1 2.65391 -1.74943
873 1 2.65391 -1.74943
874 1 2.65391 -1.74943
875 1 2.65391 -1.74943
876 1 2.65391 -1.74943
877 0 3.2272 -0.749427
878 0 3.2272 -0.749427
879 1 2.85168 -0.749427
880 1 2.85168 -0.749427
881 1 2.85168 -0.749427
882 1 2.85168 -0.749427
883 1 2.85168 -0.749427
884 1 2.85168 -0.749427
885 1 2.85168 -0.749427
886 1 2.85168 -0.749427
887 0 3.21005 -0.434601
888 1 3.13094 -0.815043
889 1 3.13094 -0.815043
890 1 3.13094 -0.815043
891 1 3.13094 -0.815043
892 1 3.13094 -0.815043
893 1 3.13094 -0.815043
894 1 3.13094 -0.815043
895 1 3.13094 -0.815043
896 1 3.13094 -0.815043
897 2 2.40466 -1.80592
898 1 3.08263 -0.968294
899 0 3.20935 -0.90836
900 0 3.20935 -0.90836
901 1 2.66634 -1.75346
902 0 3.10028 -1.42697
903 0 3.10028 -1.42697
904 0 3.10028 -1.42697
905 0 3.10028 -1.42697
906 0 3.10028 -1.42697
907 0 3.10028 -1.42697
908 0 3.10028 -1.42697
909 0 3.10028 -1.42697
910 0 3.10028 -1.42697
911 -1 3.23201 -0.754155
912 0 2.29831 -1.22071
913 -1 2.43004 -0.547899
914 0 2.40092 -0.89526
915 0 2.40092 -0.89526
916 0 2.40092 -0.89526
917 0 2.40092 -0.89526
918 0 2.40092 -0.89526
919 0 2.40092 -0.89526
920 0 2.40092 -0.89526
921 0 2.40092 -0.89526
922 0 2.40092 -0.89526
923 0 2.40092 -0.89526
924 0 2.40092 -0.89526
925 0 2.40092 -0.89526
926 0 2.40092 -0.89526
927 1 1.61776 -1.36892
928 1 1.61776 -1.36892
929 1 1.61776 -1.36892
930 0 2.32744 -0.998599
931 0 2.32744 -0.998599
932 0 2.32744 -0.998599
933 0 2.32744 -0.998599
934 1 1.90836 -1.31651
935 0 2.58212 -1.01136
936 1 2.1458 -1.97866
937 2 1.2121 -2.44521
938 2 1.2121 -2.44521
939 1 1.84334 -2.19092
940 1 1.84334 -2.19092
941 0 2.36767 -1.89058
942 1 2.02384 -2.28967
943 1 2.02384 -2.28967
944 1 2.02384 -2.28967
945 1 2.02384 -2.28967
946 1 2.02384 -2.28967
947 1 2.02384 -2.28967
948 1 2.02384 -2.28967
949 1 2.02384 -2.28967
950 1 2.02384 -2.28967
951 1 2.02384 -2.28967
952 0 2.65508 -2.03537
953 0 2.65508 -2.03537
954 0 2.65508 -2.03537
955 0 2.65508 -2.03537
956 0 2.65508 -2.03537
957 0 2.65508 -2.03537
958 0 2.65508 -2.03537
959 0 2.65508 -2.03537
960 0 2.65508 -2.03537
961 0 2.65508 -2.03537
962 0 2.65508 -2.03537
963 0 2.65508 -2.03537
964 0 2.65508 -2.03537
965 1 1.93714 -2.74821
966 1 1.93714 -2.74821
967 0 2.84941 -2.37329
968 0 2.84941 -2.37329
969 0 2.84941 -2.37329
970 0 2.84941 -2.37329
971 0 2.84941 -2.37329
972 0 2.84941 -2.37329
973 0 2.84941 -2.37329
974 0 2.84941 -2.37329
975 0 2.84941 -2.37329
976 0 2.84941 -2.37329
977 0 2.84941 -2.37329
978 0 2.84941 -2.37329
979 0 2.84941 -2.37329
980 0 2.84941 -2.37329
981 0 2.84941 -2.37329
982 -1 3.4227 -1.37329
983 -1 3.4227 -1.37329
984 0 2.75702 -2.34616
985 0 2.75702 -2.34616
986 0 2.75702 -2.34616
987 0 2.75702 -2.34616
988 0 2.75702 -2.34616
989 0 2.75702 -2.34616
990 0 2.75702 -2.34616
991 -1 2.88875 -1.67335
992 -1 2.88875 -1.67335
993 0 2.16247 -2.66422
994 0 2.16247 -2.66422
995 1 1.91331 -2.80967
996 0 2.85876 -2.30631
997 0 2.85876 -2.30631
998 0 2.85876 -2.30631
999 0 2.85876 -2.30631
1000 0 2.85876 -2.30631
