1 -1 0.677964 0.837626
2 -1 0.677964 0.837626
3 -1 0.677964 0.837626
4 -1 0.677964 0.837626
5 0 0.63011 -0.108434
6 0 0.63011 -0.108434
7 0 0.63011 -0.108434
8 0 0.63011 -0.108434
9 0 0.63011 -0.108434
10 0 0.63011 -0.108434
11 0 1.17815 -0.544411
12 0 1.17815 -0.544411
13 0 1.17815 -0.544411
14 0 1.17815 -0.544411
15 0 1.17815 -0.544411
16 0 1.17815 -0.544411
17 0 1.17815 -0.544411
18 0 1.17815 -0.544411
19 0 1.17815 -0.544411
20 0 0.975505 -1.09104
21 0 0.975505 -1.09104
22 0 0.975505 -1.09104
23 0 0.975505 -1.09104
24 0 0.975505 -1.09104
25 0 0.975505 -1.09104
26 0 0.975505 -1.09104
27 0 0.975505 -1.09104
28 0 0.975505 -1.09104
29 0 0.975505 -1.09104
30 0 0.975505 -1.09104
31 0 0.975505 -1.09104
32 0 0.975505 -1.09104
33 0 0.975505 -1.09104
34 0 1.06844 -1.07392
35 0 1.06844 -1.07392
36 0 1.06844 -1.07392
37 0 1.06844 -1.07392
38 0 1.06844 -1.07392
39 0 1.06844 -1.07392
40 0 1.06844 -1.07392
41 0 1.06844 -1.07392
42 0 1.06844 -1.07392
43 0 1.06844 -1.07392
44 0 1.06844 -1.07392
45 0 1.06844 -1.07392
46 0 1.06844 -1.07392
47 0 1.06844 -1.07392
48 0 1.06844 -1.07392
49 0 1.06844 -1.07392
50 0 1.06844 -1.07392
51 0 1.06844 -1.07392
52 0 1.06844 -1.07392
53 0 1.06844 -1.07392
54 0 1.06844 -1.07392
55 0 1.06844 -1.07392
56 0 1.06844 -1.07392
57 0 1.06844 -1.07392
58 0 1.06844 -1.07392
59 0 1.06844 -1.07392
60 0 1.06844 -1.07392
61 0 1.06844 -1.07392
62 0 1.06844 -1.07392
63 0 1.06844 -1.07392
64 0 1.06844 -1.07392
65 0 1.06844 -1.07392
66 0 1.06844 -1.07392
67 0 1.06844 -1.07392
68 0 1.06844 -1.07392
69 0 1.06844 -1.07392
70 0 1.06844 -1.07392
71 0 1.06844 -1.07392
72 0 1.06844 -1.07392
73 0 1.06844 -1.07392
74 0 1.06844 -1.07392
75 0 1.06844 -1.07392
76 0 1.06844 -1.07392
77 0 1.06844 -1.07392
78 0 1.06844 -1.07392
79 0 1.06844 -1.07392
80 0 1.06844 -1.07392
81 0 1.06844 -1.07392
82 0 1.06844 -1.07392
83 0 1.06844 -1.07392
84 0 1.06844 -1.07392
85 0 1.06844 -1.07392
86 0 1.06844 -1.07392
87 0 1.06844 -1.07392
88 0 1.06844 -1.07392
89 0 1.06844 -1.07392
90 0 1.06844 -1.07392
91 0 1.06844 -1.07392
92 0 1.06844 -1.07392
93 0 1.06844 -1.07392
94 0 1.06844 -1.07392
95 0 1.06844 -1.07392
96 0 1.06844 -1.07392
97 0 1.06844 -1.07392
98 0 1.06844 -1.07392
99 0 1.06844 -1.07392
100 0 1.49242 -1.2208
101 0 1.49242 -1.2208
102 0 1.49242 -1.2208
103 0 1.49242 -1.2208
104 0 1.49242 -1.2208
105 0 1.49242 -1.2208
106 0 1.49242 -1.2208
107 0 1.49242 -1.2208
108 0 1.49242 -1.2208
109 0 1.49242 -1.2208
110 0 1.49242 -1.2208
111 0 1.49242 -1.2208
112 0 1.49242 -1.2208
113 0 1.49242 -1.2208
114 0 1.49242 -1.2208
115 0 1.49242 -1.2208
116 0 1.49242 -1.2208
117 0 1.49242 -1.2208
118 0 1.49242 -1.2208
119 0 1.49242 -1.2208
120 0 1.6594 -1.49036
121 0 1.6594 -1.49036
122 0 1.6594 -1.49036
123 0 1.6594 -1.49036
124 0 1.6594 -1.49036
125 0 1.6594 -1.49036
126 0 1.6594 -1.49036
127 0 1.6594 -1.49036
128 0 1.6594 -1.49036
129 0 1.6594 -1.49036
130 0 1.6594 -1.49036
131 0 1.6594 -1.49036
132 0 1.6594 -1.49036
133 0 1.6594 -1.49036
134 0 1.6594 -1.49036
135 0 1.6594 -1.49036
136 0 1.6594 -1.49036
137 0 1.6594 -1.49036
138 0 1.6594 -1.49036
139 0 1.6594 -1.49036
140 0 1.6594 -1.49036
141 0 1.6594 -1.49036
142 0 1.6594 -1.49036
143 0 1.6594 -1.49036
144 0 1.6594 -1.49036
145 0 1.6594 -1.49036
146 0 1.6594 -1.49036
147 0 1.6594 -1.49036
148 0 1.6594 -1.49036
149 0 1.6594 -1.49036
150 0 1.6594 -1.49036
151 0 1.6594 -1.49036
152 0 1.6594 -1.49036
153 0 1.6594 -1.49036
154 0 1.6594 -1.49036
155 0 1.6594 -1.49036
156 0 1.6594 -1.49036
157 0 1.6594 -1.49036
158 0 1.6594 -1.49036
159 0 1.6594 -1.49036
160 0 1.6594 -1.49036
161 0 1.6594 -1.49036
162 0 1.6594 -1.49036
163 0 1.6594 -1.49036
164 0 1.6594 -1.49036
165 0 1.6594 -1.49036
166 0 1.6594 -1.49036
167 0 1.6594 -1.49036
168 0 1.6594 -1.49036
169 0 1.6594 -1.49036
170 0 1.6594 -1.49036
171 0 1.6594 -1.49036
172 0 1.6594 -1.49036
173 0 1.6594 -1.49036
174 0 1.6594 -1.49036
175 0 1.6594 -1.49036
176 0 1.6594 -1.49036
177 0 1.6594 -1.49036
178 0 1.6594 -1.49036
179 0 1.6594 -1.49036
180 0 1.6594 -1.49036
181 0 1.6594 -1.49036
182 0 1.6594 -1.49036
183 0 1.6594 -1.49036
184 0 1.6594 -1.49036
185 0 1.6594 -1.49036
186 0 1.6594 -1.49036
187 0 1.6594 -1.49036
188 0 1.6594 -1.49036
189 0 1.6594 -1.49036
190 0 1.6594 -1.49036
191 0 1.6594 -1.49036
192 0 1.6594 -1.49036
193 0 1.6594 -1.49036
194 0 1.6594 -1.49036
195 0 1.6594 -1.49036
196 0 1.6594 -1.49036
197 0 1.6594 -1.49036
198 0 1.6594 -1.49036
199 0 1.6594 -1.49036
200 0 1.6594 -1.49036
201 0 1.6594 -1.49036
202 0 1.6594 -1.49036
203 0 1.6594 -1.49036
204 0 1.6594 -1.49036
205 0 1.6594 -1.49036
206 0 1.6594 -1.49036
207 0 1.6594 -1.49036
208 0 1.6594 -1.49036
209 0 1.6594 -1.49036
210 0 1.6594 -1.49036
211 0 1.6594 -1.49036
212 0 1.6594 -1.49036
213 0 1.6594 -1.49036
214 0 1.6594 -1.49036
215 0 1.6594 -1.49036
216 0 1.6594 -1.49036
217 0 1.6594 -1.49036
218 0 1.6594 -1.49036
219 0 1.6594 -1.49036
220 0 1.6594 -1.49036
221 0 1.6594 -1.49036
222 0 1.6594 -1.49036
223 0 1.6594 -1.49036
224 0 1.6594 -1.49036
225 0 1.6594 -1.49036
226 0 1.6594 -1.49036
227 0 1.6594 -1.49036
228 0 1.6594 -1.49036
229 0 1.6594 -1.49036
230 0 1.6594 -1.49036
231 0 1.6594 -1.49036
232 0 1.6594 -1.49036
233 0 1.6594 -1.49036
234 0 1.6594 -1.49036
235 0 1.6594 -1.49036
236 0 1.6594 -1.49036
237 0 1.6594 -1.49036
238 0 1.6594 -1.49036
239 0 1.6594 -1.49036
240 0 1.6594 -1.49036
241 0 1.6594 -1.49036
242 0 1.6594 -1.49036
243 0 1.6594 -1.49036
244 0 1.6594 -1.49036
245 0 1.6594 -1.49036
246 0 1.6594 -1.49036
247 0 1.6594 -1.49036
248 0 1.6594 -1.49036
249 0 1.6594 -1.49036
250 0 1.6594 -1.49036
251 0 1.6594 -1.49036
252 0 1.6594 -1.49036
253 0 1.6594 -1.49036
254 0 1.6594 -1.49036
255 0 1.6594 -1.49036
256 0 1.6594 -1.49036
257 0 1.6594 -1.49036
258 0 1.6594 -1.49036
259 0 1.6594 -1.49036
260 0 1.6594 -1.49036
261 0 1.6594 -1.49036
262 0 1.6594 -1.49036
263 0 1.6594 -1.49036
264 0 1.6594 -1.49036
265 0 1.6594 -1.49036
266 0 1.6594 -1.49036
267 0 1.6594 -1.49036
268 0 1.6594 -1.49036
269 0 1.6594 -1.49036
270 0 1.6594 -1.49036
271 0 1.6594 -1.49036
272 0 1.6594 -1.49036
273 0 1.6594 -1.49036
274 0 1.6594 -1.49036
275 0 1.6594 -1.49036
276 0 1.6594 -1.49036
277 0 1.6594 -1.49036
278 0 1.6594 -1.49036
279 0 1.6594 -1.49036
280 0 1.6594 -1.49036
281 0 1.6594 -1.49036
282 0 1.6594 -1.49036
283 0 1.6594 -1.49036
284 0 1.6594 -1.49036
285 0 1.6594 -1.49036
286 0 1.6594 -1.49036
287 0 1.6594 -1.49036
288 0 1.6594 -1.49036
289 0 1.6594 -1.49036
290 0 1.6594 -1.49036
291 0 1.6594 -1.49036
292 0 1.6594 -1.49036
293 0 1.6594 -1.49036
294 0 1.6594 -1.49036
295 0 1.6594 -1.49036
296 0 1.6594 -1.49036
297 0 1.6594 -1.49036
298 0 1.6594 -1.49036
299 0 1.6594 -1.49036
300 0 1.6594 -1.49036
301 0 1.6594 -1.49036
302 0 1.6594 -1.49036
303 0 1.6594 -1.49036
304 0 1.6594 -1.49036
305 0 1.6594 -1.49036
306 0 1.6594 -1.49036
307 0 1.6594 -1.49036
308 0 1.6594 -1.49036
309 0 1.6594 -1.49036
310 0 1.6594 -1.49036
311 0 1.6594 -1.49036
312 0 1.6594 -1.49036
313 0 1.6594 -1.49036
314 0 1.6594 -1.49036
315 0 1.6594 -1.49036
316 0 1.6594 -1.49036
317 0 1.6594 -1.49036
318 0 1.6594 -1.49036
319 0 1.6594 -1.49036
320 0 1.6594 -1.49036
321 0 1.6594 -1.49036
322 0 1.6594 -1.49036
323 0 1.6594 -1.49036
324 0 1.6594 -1.49036
325 0 1.6594 -1.49036
326 0 1.6594 -1.49036
327 0 1.6594 -1.49036
328 0 1.6594 -1.49036
329 0 1.6594 -1.49036
330 0 1.6594 -1.49036
331 0 1.6594 -1.49036
332 0 1.6594 -1.49036
333 0 1.6594 -1.49036
334 0 1.6594 -1.49036
335 0 1.6594 -1.49036
336 0 1.6594 -1.49036
337 0 1.6594 -1.49036
338 0 1.6594 -1.49036
339 0 1.6594 -1.49036
340 0 1.6594 -1.49036
341 0 1.6594 -1.49036
342 0 1.6594 -1.49036
343 0 1.6594 -1.49036
344 0 1.6594 -1.49036
345 0 1.6594 -1.49036
346 0 1.6594 -1.49036
347 0 1.6594 -1.49036
348 0 1.6594 -1.49036
349 0 1.6594 -1.49036
350 0 1.6594 -1.49036
351 0 1.6594 -1.49036
352 0 1.6594 -1.49036
353 0 1.6594 -1.49036
354 0 1.6594 -1.49036
355 0 1.6594 -1.49036
356 0 1.6594 -1.49036
357 0 1.6594 -1.49036
358 0 1.6594 -1.49036
359 0 1.6594 -1.49036
360 0 1.6594 -1.49036
361 0 1.6594 -1.49036
362 0 1.6594 -1.49036
363 0 1.6594 -1.49036
364 0 1.6594 -1.49036
365 0 1.6594 -1.49036
366 0 1.6594 -1.49036
367 0 1.6594 -1.49036
368 0 1.6594 -1.49036
369 0 1.6594 -1.49036
370 0 1.6594 -1.49036
371 0 1.6594 -1.49036
372 0 1.6594 -1.49036
373 0 1.6594 -1.49036
374 0 1.6594 -1.49036
375 0 1.6594 -1.49036
376 0 1.6594 -1.49036
377 0 1.6594 -1.49036
378 0 1.6594 -1.49036
379 0 1.6594 -1.49036
380 0 1.6594 -1.49036
381 0 1.6594 -1.49036
382 0 1.6594 -1.49036
383 0 1.6594 -1.49036
384 0 1.6594 -1.49036
385 0 1.6594 -1.49036
386 0 1.6594 -1.49036
387 0 1.6594 -1.49036
388 0 1.6594 -1.49036
389 0 1.6594 -1.49036
390 0 1.6594 -1.49036
391 0 1.6594 -1.49036
392 0 1.6594 -1.49036
393 0 1.6594 -1.49036
394 0 1.6594 -1.49036
395 0 1.6594 -1.49036
396 0 1.6594 -1.49036
397 0 1.6594 -1.49036
398 0 1.6594 -1.49036
399 0 1.6594 -1.49036
400 0 1.6594 -1.49036
401 0 1.6594 -1.49036
402 0 1.6594 -1.49036
403 0 1.6594 -1.49036
404 0 1.6594 -1.49036
405 0 1.6594 -1.49036
406 0 1.6594 -1.49036
407 0 1.6594 -1.49036
408 0 1.6594 -1.49036
409 0 1.6594 -1.49036
410 0 1.6594 -1.49036
411 0 1.6594 -1.49036
412 0 1.6594 -1.49036
413 0 1.6594 -1.49036
414 0 1.6594 -1.49036
415 0 1.6594 -1.49036
416 0 1.6594 -1.49036
417 0 1.6594 -1.49036
418 0 1.6594 -1.49036
419 0 1.6594 -1.49036
420 0 1.6594 -1.49036
421 0 1.6594 -1.49036
422 0 1.6594 -1.49036
423 0 1.6594 -1.49036
424 0 1.6594 -1.49036
425 0 1.6594 -1.49036
426 0 1.6594 -1.49036
427 0 1.6594 -1.49036
428 0 1.6594 -1.49036
429 0 1.6594 -1.49036
430 0 1.6594 -1.49036
431 0 1.6594 -1.49036
432 0 1.6594 -1.49036
433 0 1.6594 -1.49036
434 0 1.6594 -1.49036
435 0 1.6594 -1.49036
436 0 1.6594 -1.49036
437 0 1.6594 -1.49036
438 0 1.6594 -1.49036
439 0 1.6594 -1.49036
440 0 1.6594 -1.49036
441 0 1.6594 -1.49036
442 0 1.6594 -1.49036
443 0 1.6594 -1.49036
444 0 1.6594 -1.49036
445 0 1.6594 -1.49036
446 0 1.6594 -1.49036
447 0 1.6594 -1.49036
448 0 1.6594 -1.49036
449 0 1.6594 -1.49036
450 0 1.6594 -1.49036
451 0 1.6594 -1.49036
452 0 1.6594 -1.49036
453 0 1.6594 -1.49036
454 0 1.6594 -1.49036
455 0 1.6594 -1.49036
456 0 1.6594 -1.49036
457 0 1.6594 -1.49036
458 0 1.6594 -1.49036
459 0 1.6594 -1.49036
460 0 1.6594 -1.49036
461 0 1.6594 -1.49036
462 0 1.6594 -1.49036
463 0 1.6594 -1.49036
464 0 1.6594 -1.49036
465 0 1.6594 -1.49036
466 0 1.6594 -1.49036
467 0 1.6594 -1.49036
468 0 1.6594 -1.49036
469 0 1.6594 -1.49036
470 0 1.6594 -1.49036
471 0 1.6594 -1.49036
472 0 1.6594 -1.49036
473 0 1.6594 -1.49036
474 0 1.6594 -1.49036
475 0 1.6594 -1.49036
476 0 1.6594 -1.49036
477 0 1.6594 -1.49036
478 0 1.6594 -1.49036
479 0 1.6594 -1.49036
480 0 1.6594 -1.49036
481 0 1.6594 -1.49036
482 0 1.6594 -1.49036
483 0 1.6594 -1.49036
484 0 1.6594 -1.49036
485 0 1.6594 -1.49036
486 0 1.6594 -1.49036
487 0 1.6594 -1.49036
488 0 1.6594 -1.49036
489 0 1.6594 -1.49036
490 0 1.6594 -1.49036
491 0 1.6594 -1.49036
492 0 1.6594 -1.49036
493 0 1.6594 -1.49036
494 0 1.6594 -1.49036
495 0 1.6594 -1.49036
496 0 1.6594 -1.49036
497 0 1.6594 -1.49036
498 0 1.6594 -1.49036
499 0 1.6594 -1.49036
500 0 1.6594 -1.49036
501 0 1.6594 -1.49036
502 0 1.6594 -1.49036
503 0 1.6594 -1.49036
504 0 1.6594 -1.49036
505 0 1.6594 -1.49036
506 0 1.6594 -1.49036
507 0 1.6594 -1.49036
508 0 1.6594 -1.49036
509 0 1.6594 -1.49036
510 0 1.6594 -1.49036
511 0 1.6594 -1.49036
512 0 1.6594 -1.49036
513 0 1.6594 -1.49036
514 0 1.6594 -1.49036
515 0 1.6594 -1.49036
516 0 1.6594 -1.49036
517 0 1.6594 -1.49036
518 0 1.6594 -1.49036
519 0 1.6594 -1.49036
520 0 1.6594 -1.49036
521 0 1.6594 -1.49036
522 0 1.6594 -1.49036
523 0 1.6594 -1.49036
524 0 1.6594 -1.49036
525 0 1.6594 -1.49036
526 0 1.6594 -1.49036
527 0 1.6594 -1.49036
528 0 1.6594 -1.49036
529 0 1.6594 -1.49036
530 0 1.6594 -1.49036
531 0 1.6594 -1.49036
532 0 1.6594 -1.49036
533 0 1.6594 -1.49036
534 0 1.6594 -1.49036
535 0 1.6594 -1.49036
536 0 1.6594 -1.49036
537 0 1.6594 -1.49036
538 0 1.6594 -1.49036
539 0 1.6594 -1.49036
540 0 1.6594 -1.49036
541 0 1.6594 -1.49036
542 0 1.6594 -1.49036
543 0 1.6594 -1.49036
544 0 1.6594 -1.49036
545 0 1.6594 -1.49036
546 0 1.6594 -1.49036
547 0 1.6594 -1.49036
548 0 1.6594 -1.49036
549 0 1.6594 -1.49036
550 0 1.6594 -1.49036
551 0 1.6594 -1.49036
552 0 1.6594 -1.49036
553 0 1.6594 -1.49036
554 0 1.6594 -1.49036
555 0 1.6594 -1.49036
556 0 1.6594 -1.49036
557 0 1.6594 -1.49036
558 0 1.6594 -1.49036
559 0 1.6594 -1.49036
560 0 1.6594 -1.49036
561 0 1.6594 -1.49036
562 0 1.6594 -1.49036
563 0 1.6594 -1.49036
564 0 1.6594 -1.49036
565 0 1.6594 -1.49036
566 0 1.6594 -1.49036
567 0 1.6594 -1.49036
568 0 1.6594 -1.49036
569 0 1.6594 -1.49036
570 0 1.6594 -1.49036
571 0 1.6594 -1.49036
572 0 1.6594 -1.49036
573 0 1.6594 -1.49036
574 0 1.6594 -1.49036
575 0 1.6594 -1.49036
576 0 1.6594 -1.49036
577 0 1.6594 -1.49036
578 0 1.6594 -1.49036
579 0 1.6594 -1.49036
580 0 1.6594 -1.49036
581 0 1.6594 -1.49036
582 0 1.6594 -1.49036
583 0 1.6594 -1.49036
584 0 1.6594 -1.49036
585 0 1.6594 -1.49036
586 0 1.6594 -1.49036
587 0 1.6594 -1.49036
588 0 1.6594 -1.49036
589 0 1.6594 -1.49036
590 0 1.6594 -1.49036
591 0 1.6594 -1.49036
592 0 1.6594 -1.49036
593 0 1.6594 -1.49036
594 0 1.6594 -1.49036
595 0 1.6594 -1.49036
596 0 1.6594 -1.49036
597 0 1.6594 -1.49036
598 0 1.6594 -1.49036
599 0 1.6594 -1.49036
600 0 1.6594 -1.49036
601 0 1.6594 -1.49036
602 0 1.6594 -1.49036
603 0 1.6594 -1.49036
604 0 1.6594 -1.49036
605 0 1.6594 -1.49036
606 0 1.6594 -1.49036
607 0 1.6594 -1.49036
608 0 1.6594 -1.49036
609 0 1.6594 -1.49036
610 0 1.6594 -1.49036
611 0 1.6594 -1.49036
612 0 1.6594 -1.49036
613 0 1.6594 -1.49036
614 0 1.6594 -1.49036
615 0 1.6594 -1.49036
616 0 1.6594 -1.49036
617 0 1.6594 -1.49036
618 0 1.6594 -1.49036
619 0 1.6594 -1.49036
620 0 1.6594 -1.49036
621 0 1.6594 -1.49036
622 0 1.6594 -1.49036
623 0 1.6594 -1.49036
624 0 1.6594 -1.49036
625 0 1.6594 -1.49036
626 0 1.6594 -1.49036
627 0 1.6594 -1.49036
628 0 1.6594 -1.49036
629 0 1.6594 -1.49036
630 0 1.6594 -1.49036
631 0 1.6594 -1.49036
632 0 1.6594 -1.49036
633 0 1.6594 -1.49036
634 0 1.6594 -1.49036
635 0 1.6594 -1.49036
636 0 1.6594 -1.49036
637 0 1.6594 -1.49036
638 0 1.6594 -1.49036
639 0 1.6594 -1.49036
640 0 1.6594 -1.49036
641 0 1.6594 -1.49036
642 0 1.6594 -1.49036
643 0 1.6594 -1.49036
644 0 1.6594 -1.49036
645 0 1.6594 -1.49036
646 0 1.6594 -1.49036
647 0 1.6594 -1.49036
648 0 1.6594 -1.49036
649 0 1.6594 -1.49036
650 0 1.6594 -1.49036
651 0 1.6594 -1.49036
652 0 1.6594 -1.49036
653 0 1.6594 -1.49036
654 0 1.6594 -1.49036
655 0 1.6594 -1.49036
656 0 1.6594 -1.49036
657 0 1.6594 -1.49036
658 0 1.6594 -1.49036
659 0 1.6594 -1.49036
660 0 1.6594 -1.49036
661 0 1.6594 -1.49036
662 0 1.6594 -1.49036
663 0 1.6594 -1.49036
664 0 1.6594 -1.49036
665 0 1.6594 -1.49036
666 0 1.6594 -1.49036
667 0 1.6594 -1.49036
668 0 1.6594 -1.49036
669 0 1.6594 -1.49036
670 0 1.6594 -1.49036
671 0 1.6594 -1.49036
672 0 1.6594 -1.49036
673 0 1.6594 -1.49036
674 0 1.6594 -1.49036
675 0 1.6594 -1.49036
676 0 1.6594 -1.49036
677 0 1.6594 -1.49036
678 0 1.6594 -1.49036
679 0 1.6594 -1.49036
680 0 1.6594 -1.49036
681 0 1.6594 -1.49036
682 0 1.6594 -1.49036
683 0 1.6594 -1.49036
684 0 1.6594 -1.49036
685 0 1.6594 -1.49036
686 0 1.6594 -1.49036
687 0 1.6594 -1.49036
688 0 1.6594 -1.49036
689 0 1.6594 -1.49036
690 0 1.6594 -1.49036
691 0 1.6594 -1.49036
692 0 1.6594 -1.49036
693 0 1.6594 -1.49036
694 0 1.6594 -1.49036
695 0 1.6594 -1.49036
696 0 1.6594 -1.49036
697 0 1.6594 -1.49036
698 0 1.6594 -1.49036
699 0 1.6594 -1.49036
700 0 1.6594 -1.49036
701 0 1.6594 -1.49036
702 0 1.6594 -1.49036
703 0 1.6594 -1.49036
704 0 1.6594 -1.49036
705 0 1.6594 -1.49036
706 0 1.6594 -1.49036
707 0 1.6594 -1.49036
708 0 1.6594 -1.49036
709 0 1.6594 -1.49036
710 0 1.6594 -1.49036
711 0 1.6594 -1.49036
712 0 1.6594 -1.49036
713 0 1.6594 -1.49036
714 0 1.6594 -1.49036
715 0 1.6594 -1.49036
716 0 1.6594 -1.49036
717 0 1.6594 -1.49036
718 0 1.6594 -1.49036
719 0 1.6594 -1.49036
720 0 1.6594 -1.49036
721 0 1.6594 -1.49036
722 0 1.6594 -1.49036
723 0 1.6594 -1.49036
724 0 1.6594 -1.49036
725 0 1.6594 -1.49036
726 0 1.6594 -1.49036
727 0 1.6594 -1.49036
728 0 1.6594 -1.49036
729 0 1.6594 -1.49036
730 0 1.6594 -1.49036
731 0 1.6594 -1.49036
732 0 1.6594 -1.49036
733 0 1.6594 -1.49036
734 0 1.6594 -1.49036
735 0 1.6594 -1.49036
736 0 1.6594 -1.49036
737 0 1.6594 -1.49036
738 0 1.6594 -1.49036
739 0 1.6594 -1.49036
740 0 1.6594 -1.49036
741 0 1.6594 -1.49036
742 0 1.6594 -1.49036
743 0 1.6594 -1.49036
744 0 1.6594 -1.49036
745 0 1.6594 -1.49036
746 0 1.6594 -1.49036
747 0 1.6594 -1.49036
748 0 1.6594 -1.49036
749 0 1.6594 -1.49036
750 0 1.6594 -1.49036
751 0 1.6594 -1.49036
752 0 1.6594 -1.49036
753 0 1.6594 -1.49036
754 0 1.6594 -1.49036
755 0 1.6594 -1.49036
756 0 1.6594 -1.49036
757 0 1.6594 -1.49036
758 0 1.6594 -1.49036
759 0 1.6594 -1.49036
760 0 1.6594 -1.49036
761 0 1.6594 -1.49036
762 0 1.6594 -1.49036
763 0 1.6594 -1.49036
764 0 1.6594 -1.49036
765 0 1.6594 -1.49036
766 0 1.6594 -1.49036
767 0 1.6594 -1.49036
768 0 1.6594 -1.49036
769 0 1.6594 -1.49036
770 0 1.6594 -1.49036
771 0 1.6594 -1.49036
772 0 1.6594 -1.49036
773 0 1.6594 -1.49036
774 0 1.6594 -1.49036
775 0 1.6594 -1.49036
776 0 1.6594 -1.49036
777 0 1.6594 -1.49036
778 0 1.6594 -1.49036
779 0 1.6594 -1.49036
780 0 1.6594 -1.49036
781 0 1.6594 -1.49036
782 0 1.6594 -1.49036
783 0 1.6594 -1.49036
784 0 1.6594 -1.49036
785 0 1.6594 -1.49036
786 0 1.6594 -1.49036
787 0 1.6594 -1.49036
788 0 1.6594 -1.49036
789 0 1.6594 -1.49036
790 0 1.6594 -1.49036
791 0 1.6594 -1.49036
792 0 1.6594 -1.49036
793 0 1.6594 -1.49036
794 0 1.6594 -1.49036
795 0 1.6594 -1.49036
796 0 1.6594 -1.49036
797 0 1.6594 -1.49036
798 0 1.6594 -1.49036
799 0 1.6594 -1.49036
800 0 1.6594 -1.49036
801 0 1.6594 -1.49036
802 0 1.6594 -1.49036
803 0 1.6594 -1.49036
804 0 1.6594 -1.49036
805 0 1.6594 -1.49036
806 0 1.6594 -1.49036
807 0 1.6594 -1.49036
808 0 1.6594 -1.49036
809 0 1.6594 -1.49036
810 0 1.6594 -1.49036
811 0 1.6594 -1.49036
812 0 1.6594 -1.49036
813 0 1.6594 -1.49036
814 0 1.6594 -1.49036
815 0 1.6594 -1.49036
816 0 1.6594 -1.49036
817 0 1.6594 -1.49036
818 0 1.6594 -1.49036
819 0 1.6594 -1.49036
820 0 1.6594 -1.49036
821 0 1.6594 -1.49036
822 0 1.6594 -1.49036
823 0 1.6594 -1.49036
824 0 1.6594 -1.49036
825 0 1.6594 -1.49036
826 0 1.6594 -1.49036
827 0 1.6594 -1.49036
828 0 1.6594 -1.49036
829 0 1.6594 -1.49036
830 0 1.6594 -1.49036
831 0 1.6594 -1.49036
832 0 1.6594 -1.49036
833 0 1.6594 -1.49036
834 0 1.6594 -1.49036
835 0 1.6594 -1.49036
836 0 1.6594 -1.49036
837 0 1.6594 -1.49036
838 0 1.6594 -1.49036
839 0 1.6594 -1.49036
840 0 1.6594 -1.49036
841 0 1.6594 -1.49036
842 0 1.6594 -1.49036
843 0 1.6594 -1.49036
844 0 1.6594 -1.49036
845 0 1.6594 -1.49036
846 0 1.6594 -1.49036
847 0 1.6594 -1.49036
848 0 1.6594 -1.49036
849 0 1.6594 -1.49036
850 0 1.6594 -1.49036
851 0 1.6594 -1.49036
852 0 1.6594 -1.49036
853 0 1.6594 -1.49036
854 0 1.6594 -1.49036
855 0 1.6594 -1.49036
856 0 1.6594 -1.49036
857 0 1.6594 -1.49036
858 0 1.6594 -1.49036
859 0 1.6594 -1.49036
860 0 1.6594 -1.49036
861 0 1.6594 -1.49036
862 0 1.6594 -1.49036
863 0 1.6594 -1.49036
864 0 1.6594 -1.49036
865 0 1.6594 -1.49036
866 0 1.6594 -1.49036
867 0 1.6594 -1.49036
868 0 1.6594 -1.49036
869 0 1.6594 -1.49036
870 0 1.6594 -1.49036
871 0 1.6594 -1.49036
872 0 1.6594 -1.49036
873 0 1.6594 -1.49036
874 0 1.6594 -1.49036
875 0 1.6594 -1.49036
876 0 1.6594 -1.49036
877 0 1.6594 -1.49036
878 0 1.6594 -1.49036
879 0 1.6594 -1.49036
880 0 1.6594 -1.49036
881 0 1.6594 -1.49036
882 0 1.6594 -1.49036
883 0 1.6594 -1.49036
884 0 1.6594 -1.49036
885 0 1.6594 -1.49036
886 0 1.6594 -1.49036
887 0 1.6594 -1.49036
888 0 1.6594 -1.49036
889 0 1.6594 -1.49036
890 0 1.6594 -1.49036
891 0 1.6594 -1.49036
892 0 1.6594 -1.49036
893 0 1.6594 -1.49036
894 0 1.6594 -1.49036
895 0 1.6594 -1.49036
896 0 1.6594 -1.49036
897 0 1.6594 -1.49036
898 0 1.6594 -1.49036
899 0 1.6594 -1.49036
900 0 1.6594 -1.49036
901 0 1.6594 -1.49036
902 0 1.6594 -1.49036
903 0 1.6594 -1.49036
904 0 1.6594 -1.49036
905 0 1.6594 -1.49036
906 0 1.6594 -1.49036
907 0 1.6594 -1.49036
908 0 1.6594 -1.49036
909 0 1.6594 -1.49036
910 0 1.6594 -1.49036
911 0 1.6594 -1.49036
912 0 1.6594 -1.49036
913 0 1.6594 -1.49036
914 0 1.6594 -1.49036
915 0 1.6594 -1.49036
916 0 1.6594 -1.49036
917 0 1.6594 -1.49036
918 0 1.6594 -1.49036
919 0 1.6594 -1.49036
920 0 1.6594 -1.49036
921 0 1.6594 -1.49036
922 0 1.6594 -1.49036
923 0 1.6594 -1.49036
924 0 1.6594 -1.49036
925 0 1.6594 -1.49036
926 0 1.6594 -1.49036
927 0 1.6594 -1.49036
928 0 1.6594 -1.49036
929 0 1.6594 -1.49036
930 0 1.6594 -1.49036
931 0 1.6594 -1.49036
932 0 1.6594 -1.49036
933 0 1.6594 -1.49036
934 0 1.6594 -1.49036
935 0 1.6594 -1.49036
936 0 1.6594 -1.49036
937 0 1.6594 -1.49036
938 0 1.6594 -1.49036
939 0 1.6594 -1.49036
940 0 1.6594 -1.49036
941 0 1.6594 -1.49036
942 0 1.6594 -1.49036
943 0 1.6594 -1.49036
944 0 1.6594 -1.49036
945 0 1.6594 -1.49036
946 0 1.6594 -1.49036
947 0 1.6594 -1.49036
948 0 1.6594 -1.49036
949 0 1.6594 -1.49036
950 0 1.6594 -1.49036
951 0 1.6594 -1.49036
952 0 1.6594 -1.49036
953 0 1.6594 -1.49036
954 0 1.6594 -1.49036
955 0 1.6594 -1.49036
956 0 1.6594 -1.49036
957 0 1.6594 -1.49036
958 0 1.6594 -1.49036
959 0 1.6594 -1.49036
960 0 1.6594 -1.49036
961 0 1.6594 -1.49036
962 0 1.6594 -1.49036
963 0 1.6594 -1.49036
964 0 1.6594 -1.49036
965 0 1.6594 -1.49036
966 0 1.6594 -1.49036
967 0 1.6594 -1.49036
968 0 1.6594 -1.49036
969 0 1.6594 -1.49036
970 0 1.6594 -1.49036
971 0 1.6594 -1.49036
972 0 1.6594 -1.49036
973 0 1.6594 -1.49036
974 0 1.6594 -1.49036
975 0 1.6594 -1.49036
976 0 1.6594 -1.49036
977 0 1.6594 -1.49036
978 0 1.6594 -1.49036
979 0 1.6594 -1.49036
980 0 1.6594 -1.49036
981 0 1.6594 -1.49036
982 0 1.6594 -1.49036
983 0 1.6594 -1.49036
984 0 1.6594 -1.49036
985 0 1.6594 -1.49036
986 0 1.6594 -1.49036
987 0 1.6594 -1.49036
988 0 1.6594 -1.49036
989 0 1.6594 -1.49036
990 0 1.6594 -1.49036
991 0 1.6594 -1.49036
992 0 1.6594 -1.49036
993 0 1.6594 -1.49036
994 0 1.6594 -1.49036
995 0 1.6594 -1.49036
996 0 1.6594 -1.49036
997 0 1.6594 -1.49036
998 0 1.6594 -1.49036
999 0 1.6594 -1.49036
1000 0 1.6594 -1.49036
